0
79
102
152
50
73
123
42
65
115
83
106
155
82
105
153
53
76
124
79
103
150
54
78
124
56
80
126
82
106
152
100
125
169
100
125
169
96
121
165
112
135
180
121
141
188
130
150
197
139
159
206
134
154
200
49
71
115
30
54
96
67
92
132
96
121
161
115
141
179
126
153
190
132
161
196
109
139
174
93
123
158
91
123
159
98
132
168
76
108
144
88
116
153
72
96
134
77
99
137
96
115
153
78
97
135
91
108
147
81
99
137
86
105
143
93
113
151
80
101
139
82
103
141
69
85
128
59
74
118
88
103
149
110
126
172
88
104
150
100
116
162
103
121
168
114
132
179
121
140
187
115
135
182
95
115
163
83
103
151
104
126
174
118
143
191
117
148
196
118
151
200
100
135
183
87
123
169
156
190
231
182
213
244
209
236
255
221
241
255
226
242
254
221
237
251
211
230
249
200
223
250
193
220
250
197
209
238
201
208
235
209
215
237
211
216
235
205
208
222
194
196
206
192
191
196
198
194
195
195
188
184
193
182
177
201
187
181
220
202
197
232
213
206
230
211
204
210
192
175
177
160
140
190
173
148
190
172
144
180
160
130
195
173
145
203
177
151
209
178
153
206
174
147
215
183
149
206
175
132
193
163
108
202
176
109
213
185
110
223
190
110
226
193
113
218
187
108
210
178
102
206
174
100
202
170
98
205
173
103
207
173
106
207
175
110
208
174
112
215
181
121
227
193
133
222
188
129
218
180
113
218
181
107
212
177
90
203
171
73
205
174
68
217
185
75
225
192
83
233
198
93
227
190
94
225
189
98
226
191
104
223
188
103
218
184
99
218
185
99
210
185
81
219
194
89
213
189
83
220
195
87
232
204
96
215
186
77
234
204
95
214
182
74
219
183
78
230
193
90
214
174
74
224
182
85
241
198
101
239
198
100
245
208
103
245
210
101
236
203
86
230
201
80
228
200
77
217
187
70
210
178
68
221
187
86
206
170
76
225
189
96
231
198
103
235
202
104
232
200
101
230
192
110
235
196
118
233
194
115
232
194
115
229
192
112
221
185
106
227
191
115
221
186
112
228
193
122
224
188
122
217
181
118
219
182
123
222
185
128
215
180
127
196
173
136
210
186
150
226
202
166
211
188
153
219
197
164
215
194
163
222
201
171
220
199
172
210
189
164
205
184
162
209
188
166
209
190
169
224
205
184
217
194
175
216
190
173
224
198
181
230
204
187
222
196
179
225
199
182
225
199
182
220
194
177
218
192
175
219
193
176
217
191
174
215
189
172
217
191
174
223
197
180
223
196
177
221
194
174
229
201
176
222
195
165
213
186
150
224
197
155
241
212
163
226
196
141
224
193
134
224
193
130
230
196
131
234
199
133
232
197
129
230
192
123
234
193
116
239
201
122
236
201
121
228
199
116
226
201
115
225
205
118
222
202
114
216
196
108
217
196
108
220
197
109
224
196
109
226
195
108
229
194
108
230
191
104
232
191
100
229
188
96
215
177
83
203
166
70
206
172
73
217
185
83
224
193
90
216
187
83
218
190
86
236
208
107
245
217
118
229
203
104
208
181
83
217
185
98
214
181
94
214
183
92
219
188
94
220
189
91
217
187
87
217
188
84
221
191
86
246
216
111
221
191
87
221
188
87
220
186
86
219
184
86
228
193
97
238
204
112
226
194
101
207
179
84
209
183
86
216
196
95
214
198
94
220
208
102
220
212
102
190
185
72
235
231
118
79
102
152
50
73
123
42
65
115
83
106
155
82
105
153
53
76
124
79
103
150
54
78
124
56
80
126
82
106
152
100
125
169
100
125
169
96
121
165
112
135
180
121
141
188
130
150
197
139
159
206
134
154
200
49
71
115
30
54
96
67
92
132
96
121
161
115
141
179
126
153
190
132
161
196
109
139
174
93
123
158
91
123
159
98
132
168
76
108
144
88
116
153
72
96
134
77
99
137
96
115
153
78
97
135
91
108
147
81
99
137
86
105
143
93
113
151
80
101
139
82
103
141
69
85
128
59
74
118
88
103
149
110
126
172
88
104
150
100
116
162
103
121
168
114
132
179
121
140
187
115
135
182
95
115
163
83
103
151
104
126
174
118
143
191
117
148
196
118
151
200
100
135
183
87
123
169
156
190
231
182
213
244
209
236
255
221
241
255
226
242
254
221
237
251
211
230
249
200
223
250
193
220
250
197
209
238
201
208
235
209
215
237
211
216
235
205
208
222
194
196
206
192
191
196
198
194
195
195
188
184
193
182
177
201
187
181
220
202
197
232
213
206
230
211
204
210
192
175
177
160
140
190
173
148
190
172
144
180
160
130
195
173
145
203
177
151
209
178
153
206
174
147
215
183
149
206
175
132
193
163
108
202
176
109
213
185
110
223
190
110
226
193
113
218
187
108
210
178
102
206
174
100
202
170
98
205
173
103
207
173
106
207
175
110
208
174
112
215
181
121
227
193
133
222
188
129
218
180
113
218
181
107
212
177
90
203
171
73
205
174
68
217
185
75
225
192
83
233
198
93
227
190
94
225
189
98
226
191
104
223
188
103
218
184
99
218
185
99
210
185
81
219
194
89
213
189
83
220
195
87
232
204
96
215
186
77
234
204
95
214
182
74
219
183
78
230
193
90
214
174
74
224
182
85
241
198
101
239
198
100
245
208
103
245
210
101
236
203
86
230
201
80
228
200
77
217
187
70
210
178
68
221
187
86
206
170
76
225
189
96
231
198
103
235
202
104
232
200
101
230
192
110
235
196
118
233
194
115
232
194
115
229
192
112
221
185
106
227
191
115
221
186
112
228
193
122
224
188
122
217
181
118
219
182
123
222
185
128
215
180
127
196
173
136
210
186
150
226
202
166
211
188
153
219
197
164
215
194
163
222
201
171
220
199
172
210
189
164
205
184
162
209
188
166
209
190
169
224
205
184
217
194
175
216
190
173
224
198
181
230
204
187
222
196
179
225
199
182
225
199
182
220
194
177
218
192
175
219
193
176
217
191
174
215
189
172
217
191
174
223
197
180
223
196
177
221
194
174
229
201
176
222
195
165
213
186
150
224
197
155
241
212
163
226
196
141
224
193
134
224
193
130
230
196
131
234
199
133
232
197
129
230
192
123
234
193
116
239
201
122
236
201
121
228
199
116
226
201
115
225
205
118
222
202
114
216
196
108
217
196
108
220
197
109
224
196
109
226
195
108
229
194
108
230
191
104
232
191
100
229
188
96
215
177
83
203
166
70
206
172
73
217
185
83
224
193
90
216
187
83
218
190
86
236
208
107
245
217
118
229
203
104
208
181
83
217
185
98
214
181
94
214
183
92
219
188
94
220
189
91
217
187
87
217
188
84
221
191
86
246
216
111
221
191
87
221
188
87
220
186
86
219
184
86
228
193
97
238
204
112
226
194
101
207
179
84
209
183
86
216
196
95
214
198
94
220
208
102
220
212
102
190
185
72
235
231
118
66
89
139
44
67
117
47
70
120
73
96
145
75
98
146
66
88
136
77
100
148
59
83
129
60
84
130
79
103
150
93
118
162
97
122
166
94
119
163
110
133
178
121
141
188
127
147
194
129
149
196
121
142
187
53
75
119
39
63
105
71
96
137
98
123
163
113
140
178
122
149
186
130
158
193
114
144
179
98
128
163
98
131
167
108
141
177
80
110
147
77
104
141
61
86
124
72
94
132
88
108
146
67
86
124
68
86
125
73
91
130
84
104
141
91
112
150
85
106
144
77
99
137
71
87
130
65
81
125
76
91
137
91
107
153
87
103
149
106
123
169
101
119
166
108
126
173
115
135
182
115
134
182
100
121
169
91
111
159
109
130
178
121
146
193
119
150
198
119
151
200
100
135
183
87
123
169
154
188
228
182
213
244
209
235
255
220
240
254
224
240
252
218
234
248
208
227
246
198
220
248
192
217
248
204
216
244
207
214
241
210
216
239
210
215
234
202
205
219
190
192
202
187
187
192
196
192
193
195
187
183
194
183
178
205
191
185
225
207
202
237
218
211
235
216
209
206
188
170
182
165
145
197
181
156
196
178
150
186
167
136
200
178
150
207
181
155
214
183
158
205
173
146
206
174
140
199
168
124
195
165
110
203
177
110
210
182
108
219
186
106
222
189
110
217
186
107
209
177
101
205
173
99
203
172
99
205
173
103
206
172
105
207
175
110
210
177
115
217
183
123
227
193
133
218
184
125
213
175
108
216
179
105
216
181
95
210
179
81
213
181
75
221
189
79
226
193
84
229
194
90
223
186
90
222
185
95
222
187
100
220
185
99
215
182
96
215
182
96
213
188
85
218
193
88
209
185
79
217
191
84
229
202
94
214
185
77
233
203
95
216
184
76
220
185
80
228
191
88
208
167
67
216
173
76
238
195
98
238
196
98
240
203
98
241
206
97
234
200
84
229
200
79
228
199
77
217
186
69
211
180
70
222
188
86
205
169
74
222
186
94
228
194
99
231
199
101
229
197
97
228
190
108
231
192
114
230
191
112
234
196
117
234
196
116
223
186
108
223
187
110
224
190
115
229
194
122
225
190
123
221
185
121
223
186
126
223
186
129
214
179
126
198
174
138
206
182
146
215
192
156
207
185
149
219
196
163
213
192
161
209
188
158
204
183
155
208
188
162
207
186
164
210
189
167
208
189
168
227
208
187
223
200
181
218
192
175
219
194
177
223
197
180
220
194
177
224
198
180
221
195
178
219
193
176
220
194
177
220
194
177
217
191
174
213
187
170
214
188
171
220
194
177
225
198
179
224
197
176
231
204
179
224
197
167
213
186
149
222
195
152
237
207
159
226
196
140
226
196
136
228
196
133
230
197
131
231
196
129
229
194
126
230
192
122
236
196
118
237
199
120
233
198
118
228
199
117
229
203
118
225
205
118
219
199
112
214
194
106
216
195
107
220
196
108
224
196
109
227
195
109
229
194
109
231
192
105
232
191
101
228
188
96
216
179
84
206
170
73
209
175
76
219
187
85
226
195
92
221
191
88
224
195
92
237
208
108
242
214
114
231
204
105
218
191
92
219
187
99
215
183
95
217
186
95
222
191
96
222
190
93
217
187
86
215
186
83
225
195
90
238
208
103
223
193
89
218
185
84
225
190
91
224
189
91
224
189
94
233
199
109
229
197
105
212
184
89
207
182
85
210
189
89
213
197
94
221
209
103
216
208
99
187
183
71
235
231
118
52
75
125
37
60
110
51
74
124
63
86
135
68
91
139
79
102
150
75
98
146
63
87
133
65
89
135
77
101
147
86
111
155
93
118
162
93
118
162
108
131
176
121
141
188
124
144
191
119
139
186
109
130
175
58
80
124
48
72
114
76
101
142
100
125
165
113
139
177
118
145
182
127
156
191
120
150
185
104
134
169
107
139
175
118
151
187
83
113
150
66
92
129
51
75
113
67
88
126
81
100
138
57
76
114
45
64
102
65
84
122
83
103
141
89
110
148
91
112
150
72
95
133
74
90
133
71
88
132
63
79
125
70
86
132
85
101
147
112
131
176
100
118
165
101
120
167
110
130
177
114
134
182
105
127
175
98
120
168
114
136
184
124
149
196
121
152
200
119
152
201
100
135
183
87
123
169
152
187
226
183
213
244
209
234
255
219
238
253
222
238
250
216
232
246
205
224
243
196
218
245
190
215
246
211
223
251
215
222
249
213
218
241
209
214
233
199
203
216
187
189
198
182
182
187
195
190
191
194
186
183
195
184
179
209
195
189
231
213
208
243
224
217
240
221
214
201
184
166
187
170
150
205
188
163
203
185
157
193
173
143
204
183
154
211
185
159
219
189
164
204
172
145
196
164
130
192
160
117
198
168
113
205
179
112
207
179
105
215
182
102
218
185
106
216
184
105
208
176
100
204
172
98
205
173
101
206
173
104
205
172
105
209
176
111
214
180
118
220
186
126
227
193
133
215
181
122
208
170
103
214
177
104
221
185
99
219
187
89
221
190
83
226
193
84
227
194
85
225
190
86
220
183
86
218
182
91
219
184
97
217
182
96
213
179
93
213
180
94
217
192
89
217
192
88
206
181
75
213
187
80
227
199
91
214
185
77
232
202
94
219
186
79
223
187
82
227
189
87
200
160
60
207
165
68
235
192
96
236
195
96
235
198
93
237
202
92
232
198
82
228
200
78
228
199
77
217
187
70
213
181
71
223
189
88
204
168
73
219
183
91
224
190
96
227
195
97
226
194
94
227
189
106
228
189
110
227
188
109
236
198
118
239
202
122
225
189
110
219
183
105
228
194
118
230
195
123
226
192
124
224
189
125
227
191
130
225
189
130
214
179
126
200
176
140
202
178
142
203
181
145
203
181
146
218
195
163
211
190
159
196
174
146
187
166
139
207
186
161
210
189
166
210
189
167
208
189
168
230
211
190
230
207
188
220
194
177
215
189
172
216
190
173
217
191
174
222
196
179
217
191
174
218
192
175
222
196
179
222
196
179
216
190
173
211
185
168
212
186
169
217
191
174
228
201
181
227
200
179
234
207
182
226
199
168
213
187
149
220
194
149
233
203
155
226
196
140
229
199
138
231
200
136
231
198
132
228
193
125
225
190
122
229
192
122
238
199
121
235
197
119
230
195
116
229
199
118
232
206
122
224
204
117
216
197
110
213
193
105
216
194
106
219
196
108
224
196
109
228
196
110
230
194
110
231
193
106
231
191
102
228
188
97
218
180
86
208
173
76
213
178
79
221
189
87
228
197
94
226
196
92
230
201
98
238
210
109
240
211
111
233
206
106
228
201
103
221
188
101
217
185
96
220
189
97
225
194
99
224
192
94
217
187
87
214
185
81
229
199
94
231
201
96
225
194
90
215
182
81
229
194
96
229
194
96
220
185
90
229
195
105
233
200
109
218
189
94
205
181
85
204
183
84
212
197
95
221
209
104
212
204
96
186
181
70
234
230
117
52
75
125
37
60
110
51
74
124
63
86
135
68
91
139
79
102
150
75
98
146
63
87
133
65
89
135
77
101
147
86
111
155
93
118
162
93
118
162
108
131
176
121
141
188
124
144
191
119
139
186
109
130
175
58
80
124
48
72
114
76
101
142
100
125
165
113
139
177
118
145
182
127
156
191
120
150
185
104
134
169
107
139
175
118
151
187
83
113
150
66
92
129
51
75
113
67
88
126
81
100
138
57
76
114
45
64
102
65
84
122
83
103
141
89
110
148
91
112
150
72
95
133
74
90
133
71
88
132
63
79
125
70
86
132
85
101
147
112
131
176
100
118
165
101
120
167
110
130
177
114
134
182
105
127
175
98
120
168
114
136
184
124
149
196
121
152
200
119
152
201
100
135
183
87
123
169
152
187
226
183
213
244
209
234
255
219
238
253
222
238
250
216
232
246
205
224
243
196
218
245
190
215
246
211
223
251
215
222
249
213
218
241
209
214
233
199
203
216
187
189
198
182
182
187
195
190
191
194
186
183
195
184
179
209
195
189
231
213
208
243
224
217
240
221
214
201
184
166
187
170
150
205
188
163
203
185
157
193
173
143
204
183
154
211
185
159
219
189
164
204
172
145
196
164
130
192
160
117
198
168
113
205
179
112
207
179
105
215
182
102
218
185
106
216
184
105
208
176
100
204
172
98
205
173
101
206
173
104
205
172
105
209
176
111
214
180
118
220
186
126
227
193
133
215
181
122
208
170
103
214
177
104
221
185
99
219
187
89
221
190
83
226
193
84
227
194
85
225
190
86
220
183
86
218
182
91
219
184
97
217
182
96
213
179
93
213
180
94
217
192
89
217
192
88
206
181
75
213
187
80
227
199
91
214
185
77
232
202
94
219
186
79
223
187
82
227
189
87
200
160
60
207
165
68
235
192
96
236
195
96
235
198
93
237
202
92
232
198
82
228
200
78
228
199
77
217
187
70
213
181
71
223
189
88
204
168
73
219
183
91
224
190
96
227
195
97
226
194
94
227
189
106
228
189
110
227
188
109
236
198
118
239
202
122
225
189
110
219
183
105
228
194
118
230
195
123
226
192
124
224
189
125
227
191
130
225
189
130
214
179
126
200
176
140
202
178
142
203
181
145
203
181
146
218
195
163
211
190
159
196
174
146
187
166
139
207
186
161
210
189
166
210
189
167
208
189
168
230
211
190
230
207
188
220
194
177
215
189
172
216
190
173
217
191
174
222
196
179
217
191
174
218
192
175
222
196
179
222
196
179
216
190
173
211
185
168
212
186
169
217
191
174
228
201
181
227
200
179
234
207
182
226
199
168
213
187
149
220
194
149
233
203
155
226
196
140
229
199
138
231
200
136
231
198
132
228
193
125
225
190
122
229
192
122
238
199
121
235
197
119
230
195
116
229
199
118
232
206
122
224
204
117
216
197
110
213
193
105
216
194
106
219
196
108
224
196
109
228
196
110
230
194
110
231
193
106
231
191
102
228
188
97
218
180
86
208
173
76
213
178
79
221
189
87
228
197
94
226
196
92
230
201
98
238
210
109
240
211
111
233
206
106
228
201
103
221
188
101
217
185
96
220
189
97
225
194
99
224
192
94
217
187
87
214
185
81
229
199
94
231
201
96
225
194
90
215
182
81
229
194
96
229
194
96
220
185
90
229
195
105
233
200
109
218
189
94
205
181
85
204
183
84
212
197
95
221
209
104
212
204
96
186
181
70
234
230
117
60
83
133
53
76
126
69
92
141
88
111
159
104
127
175
105
128
176
77
101
147
74
98
144
78
102
148
77
101
146
78
103
147
99
124
168
106
131
175
120
143
188
130
150
197
123
143
190
119
139
186
120
141
186
103
125
169
80
104
146
64
89
130
64
89
128
91
118
156
128
155
192
131
159
194
112
142
177
92
122
157
116
147
183
122
152
189
82
111
148
99
126
163
110
135
172
107
129
167
81
100
138
65
84
122
54
73
111
80
99
137
63
84
121
58
80
118
101
124
162
92
115
153
67
84
127
74
91
135
54
70
116
62
80
125
100
119
164
130
149
194
113
133
180
102
122
169
108
130
176
112
135
182
107
129
177
98
120
168
101
124
172
108
133
181
114
143
190
114
146
194
99
132
181
92
126
172
148
181
220
181
210
241
207
232
253
219
238
252
222
236
248
213
229
243
205
222
242
196
217
244
191
215
247
218
229
253
220
227
253
209
214
238
204
209
229
197
200
214
185
187
196
179
178
183
195
190
192
195
187
184
197
185
180
213
199
193
236
218
213
244
225
219
237
218
212
200
183
165
186
169
148
191
175
150
192
174
146
200
181
150
217
195
167
213
187
161
215
184
159
204
172
145
192
160
126
183
152
108
198
168
113
210
184
116
206
177
104
207
174
94
212
179
100
216
184
108
209
177
102
201
169
95
206
174
102
209
176
107
206
172
105
207
174
109
212
179
116
220
186
124
226
192
132
212
178
119
205
167
100
213
177
102
223
188
101
224
192
94
224
193
87
227
195
85
226
193
84
217
183
78
214
177
80
215
178
88
219
183
96
218
184
97
215
182
96
216
184
95
226
201
98
217
192
89
202
176
71
207
181
76
220
193
85
215
186
78
229
199
91
220
187
81
228
191
87
229
192
89
201
160
61
200
158
61
231
187
92
234
193
95
231
194
89
236
201
92
233
203
85
233
204
83
233
204
82
223
193
77
220
189
79
227
193
93
204
169
74
217
183
90
222
187
94
224
191
94
223
191
92
226
189
106
232
193
114
227
188
109
223
185
105
221
184
104
224
188
108
241
207
128
234
200
124
225
193
119
222
188
119
229
194
129
237
203
140
236
202
142
222
189
134
201
177
141
203
181
145
194
172
137
204
181
148
220
198
166
224
203
173
211
189
162
208
186
160
213
193
168
200
179
157
202
181
160
200
181
160
210
191
170
217
195
176
215
189
172
209
183
166
210
184
167
211
185
168
220
194
177
217
191
175
219
192
176
224
198
181
226
200
183
217
191
174
210
184
167
212
186
169
217
191
174
228
201
182
230
203
181
236
211
184
230
203
172
217
190
153
219
193
149
225
198
147
225
195
139
234
204
142
237
205
141
230
197
131
222
187
119
219
184
116
225
190
119
237
197
122
228
190
113
220
186
108
224
194
115
229
204
122
219
198
115
209
189
104
209
189
103
213
191
105
218
194
108
225
196
111
231
196
112
233
197
113
234
197
111
233
195
106
227
190
100
220
183
91
214
182
84
218
186
87
225
193
91
225
195
92
226
197
94
230
202
98
226
198
95
218
190
89
219
191
91
230
201
102
212
180
90
211
180
89
220
189
96
228
197
101
225
194
95
216
185
85
210
181
77
232
202
98
214
183
80
222
191
89
209
176
76
237
203
104
244
209
112
217
183
87
225
191
101
232
200
109
221
192
99
209
185
89
203
182
83
208
194
91
221
209
104
219
210
102
195
190
79
244
240
128
60
83
133
53
76
126
70
93
142
89
112
160
105
128
176
105
128
176
77
101
147
74
98
144
79
103
149
77
101
146
78
103
147
99
124
168
107
132
176
120
143
188
131
151
198
123
143
190
119
139
186
120
141
186
104
125
170
81
105
147
64
89
130
63
88
128
91
118
155
129
156
193
131
159
194
112
142
177
92
122
157
116
147
183
122
152
189
83
112
149
100
127
164
112
136
174
108
130
168
81
101
139
65
84
122
54
73
111
80
100
138
62
83
121
57
79
117
102
125
163
92
115
153
67
84
127
75
91
135
54
70
116
62
80
125
100
119
164
130
149
194
113
133
180
102
122
169
108
130
176
112
135
182
107
129
177
98
120
168
101
124
172
108
133
181
114
143
190
114
146
194
99
132
181
92
126
172
148
181
220
181
210
241
208
232
253
219
238
252
222
236
248
213
229
243
205
222
242
196
217
244
192
215
247
219
230
253
220
227
253
209
214
239
204
209
229
197
200
215
185
187
196
179
178
183
195
191
192
195
187
184
197
185
181
213
199
193
237
219
213
245
225
220
238
218
213
200
183
165
186
169
149
191
175
150
192
174
146
201
181
150
217
195
167
213
187
161
215
185
160
204
173
145
192
160
126
183
152
108
198
168
113
210
184
117
206
178
104
207
174
95
212
179
100
217
184
108
209
177
102
201
169
95
206
174
102
209
177
107
206
172
105
207
175
109
212
179
116
220
186
124
226
192
132
212
178
119
205
167
100
213
177
102
223
188
102
224
192
94
225
194
87
227
195
85
226
193
84
217
183
78
214
177
80
215
178
87
219
183
96
219
184
98
216
182
96
216
184
95
226
201
99
217
192
89
202
176
72
207
181
76
221
193
85
215
186
78
229
199
91
220
187
81
228
192
88
230
192
89
201
160
61
200
158
61
231
187
92
234
193
95
231
195
89
236
201
92
233
203
86
233
205
83
233
204
82
223
193
77
220
189
80
228
193
93
205
169
75
217
183
90
222
188
94
224
191
94
223
191
92
226
189
106
232
193
114
227
188
109
223
184
105
221
184
104
224
189
109
241
208
129
234
200
124
225
193
119
222
188
120
229
194
129
237
204
140
236
203
142
222
190
134
201
177
141
203
181
146
194
172
137
204
181
148
220
198
166
225
204
173
211
190
162
208
187
161
214
193
168
200
179
157
202
181
160
200
181
160
209
190
169
217
195
176
215
189
172
209
183
166
210
184
167
211
185
168
220
194
177
218
192
175
219
193
176
224
198
181
226
200
183
218
192
175
210
184
167
212
186
169
218
192
175
228
202
182
230
203
182
236
211
184
230
204
172
217
190
153
219
193
149
225
198
147
225
196
140
234
204
143
237
206
141
230
197
131
222
187
119
219
184
116
226
190
119
238
198
123
228
190
113
220
186
107
225
194
115
229
204
123
219
198
115
209
189
104
209
189
104
213
191
105
218
194
108
225
196
111
231
196
112
233
197
113
235
197
111
233
196
106
227
190
100
220
183
91
215
182
84
219
187
87
225
193
92
225
195
92
227
198
94
231
202
98
226
198
95
218
190
89
219
191
91
230
201
102
212
180
90
211
180
89
220
189
96
228
197
101
225
194
95
216
186
85
210
181
77
233
202
98
214
183
80
222
191
89
209
176
76
238
203
105
244
209
112
217
183
87
225
191
101
232
200
109
221
193
99
210
185
89
203
182
83
208
194
91
221
209
104
219
211
102
195
190
79
244
240
128
83
106
156
74
97
146
68
91
139
86
109
157
104
127
175
93
116
164
76
100
146
72
96
141
78
102
147
72
96
141
69
94
138
93
118
162
102
127
171
116
140
184
129
149
196
118
138
185
116
136
182
115
136
181
105
127
171
83
107
149
55
80
121
46
71
111
83
109
147
134
161
198
129
157
192
104
134
169
89
119
154
108
138
174
113
141
178
87
115
152
113
139
176
121
144
182
109
130
168
81
101
139
66
85
123
63
82
120
80
100
138
48
69
107
41
64
102
93
117
155
87
111
149
67
85
128
73
91
134
56
74
119
65
83
129
91
111
156
106
126
171
99
119
166
93
115
161
100
123
169
107
130
177
105
127
175
99
121
170
104
127
175
110
134
182
112
141
187
113
145
193
100
133
182
96
130
176
147
180
219
182
211
242
209
232
253
221
239
253
223
238
250
216
231
245
208
225
244
200
220
247
196
219
250
217
228
254
215
222
249
205
210
234
203
208
228
199
202
217
189
191
200
183
182
188
196
192
193
195
187
185
197
186
181
213
199
194
235
217
211
239
220
215
229
210
204
210
193
175
188
172
151
181
164
139
182
164
136
203
183
153
225
203
175
214
188
162
206
176
151
205
173
146
199
167
133
187
156
112
195
165
110
209
183
116
208
179
106
206
172
95
212
179
101
219
187
111
212
179
105
200
168
94
205
173
101
210
177
108
206
172
105
204
171
106
207
174
111
216
183
121
226
192
132
214
180
121
208
170
103
215
178
103
221
186
99
219
187
89
219
189
82
223
191
81
224
191
82
217
182
78
215
177
81
217
181
90
222
187
100
223
188
102
219
186
99
219
187
98
228
202
101
219
194
92
204
178
75
207
181
76
218
190
83
216
187
80
227
197
91
218
185
80
227
191
88
233
195
94
210
169
71
207
164
67
230
187
91
234
194
95
232
196
91
237
203
93
236
206
88
236
208
86
235
206
84
225
195
79
222
191
81
228
194
94
205
170
75
219
185
93
225
191
97
227
193
97
226
194
95
228
190
107
233
194
114
226
187
107
220
182
101
217
181
100
224
189
108
246
212
133
237
204
127
224
192
118
218
186
116
226
193
127
235
203
139
234
201
140
223
192
136
217
195
160
222
202
167
206
184
150
209
187
155
216
195
164
224
203
174
213
192
165
212
191
165
214
194
169
200
179
156
206
186
165
208
189
168
212
193
173
223
200
182
225
199
182
224
198
181
224
198
181
217
191
174
219
193
176
219
193
176
219
193
176
224
198
181
226
200
183
218
192
175
212
186
169
215
189
172
221
195
178
227
200
180
229
202
179
236
211
184
231
205
173
220
194
155
222
196
151
225
199
147
224
196
139
233
203
141
235
204
139
229
196
129
221
187
118
220
185
116
226
191
120
237
197
123
229
191
115
221
187
110
223
192
114
226
201
122
219
197
115
210
189
106
208
187
104
213
190
106
218
192
109
225
196
112
232
197
114
235
198
115
235
199
113
233
197
108
226
191
101
220
185
93
217
185
88
220
188
89
225
194
92
223
194
90
225
196
92
228
199
95
221
194
90
211
183
81
211
182
82
221
193
93
204
172
81
206
175
83
218
187
93
227
196
99
224
193
94
214
184
83
208
179
75
231
200
96
214
183
80
219
187
86
210
176
77
238
203
105
248
213
117
221
185
91
226
192
103
228
196
105
218
189
97
214
189
94
210
188
91
206
191
90
215
203
98
215
206
99
192
187
77
242
238
128
110
133
182
97
120
168
66
89
137
83
106
154
102
125
173
78
101
149
74
98
144
69
93
139
77
101
146
66
91
135
59
84
128
87
112
156
97
122
166
112
135
180
127
147
194
112
132
179
112
132
178
109
130
175
107
129
173
86
110
152
46
71
112
28
53
93
74
100
138
140
167
204
126
154
191
96
126
161
86
116
151
99
128
165
102
129
166
92
119
156
127
153
190
131
153
191
110
130
168
82
101
139
67
86
124
72
92
130
80
101
139
32
53
91
23
48
85
84
110
147
80
107
144
67
86
129
71
90
134
59
78
123
69
88
133
81
101
146
79
100
145
82
103
149
84
107
153
92
115
161
101
124
171
102
125
173
100
123
171
108
131
179
112
136
184
111
138
185
113
144
192
102
135
184
101
135
181
147
179
218
184
212
243
211
233
254
223
240
254
225
239
251
220
233
248
211
228
247
205
225
250
201
224
254
215
225
255
209
216
244
200
205
229
202
206
226
202
205
219
194
196
205
188
187
192
198
193
195
196
187
186
197
186
182
213
199
194
233
215
210
234
214
209
221
201
196
222
204
187
192
175
155
170
153
128
171
154
125
206
186
156
233
211
183
216
189
164
196
166
141
206
174
147
208
176
142
192
161
117
192
162
107
209
183
116
210
181
108
205
171
95
212
178
102
223
191
115
214
182
107
199
167
94
203
171
100
211
179
109
206
172
106
200
168
103
202
169
106
213
179
117
225
191
131
217
183
123
212
175
105
217
180
105
218
183
96
213
182
83
214
184
76
219
187
77
222
189
80
216
181
77
216
178
83
221
184
94
227
192
105
228
193
107
223
190
102
222
190
101
229
203
103
222
196
95
207
180
79
208
180
77
215
186
82
218
188
83
226
195
90
216
183
79
226
191
88
237
199
99
221
180
82
214
172
75
229
187
91
234
194
94
233
198
92
238
206
94
239
209
91
240
211
90
238
209
87
227
197
81
224
193
84
230
196
96
205
171
77
222
187
97
228
194
101
230
196
101
229
197
99
229
191
109
234
196
114
225
187
105
216
179
97
213
178
96
224
190
107
251
218
137
240
209
130
222
191
116
215
183
112
223
192
125
233
201
137
231
200
138
225
195
138
236
216
181
244
225
191
220
198
166
214
193
162
213
192
161
225
203
175
216
195
168
217
196
170
215
194
171
199
178
156
211
192
170
217
198
177
216
197
177
229
206
189
237
211
194
240
214
197
240
214
197
223
197
180
219
193
176
220
194
177
218
192
175
224
198
181
227
201
184
219
193
176
214
188
171
218
192
175
225
199
182
225
198
178
227
201
177
236
211
183
233
207
174
223
198
158
225
199
153
226
200
147
223
196
138
232
202
140
234
203
138
228
195
128
220
188
118
221
187
117
227
192
121
237
197
124
230
193
118
222
188
112
221
191
114
224
198
121
218
196
116
210
189
108
208
186
104
212
189
107
218
192
110
226
196
113
233
198
116
236
199
117
236
201
115
233
199
110
226
192
102
221
188
95
220
188
93
222
191
92
224
195
92
221
192
88
223
194
90
225
196
92
216
189
85
203
175
73
201
173
72
211
183
82
195
165
71
200
170
76
215
186
90
226
196
97
223
193
92
212
182
81
205
176
73
229
198
95
214
183
81
215
183
83
211
177
79
238
203
106
254
218
123
224
189
96
228
194
105
223
191
101
215
186
95
219
193
100
217
195
99
204
188
88
208
196
93
211
202
96
189
183
76
239
236
127
110
133
182
97
120
168
66
89
137
83
106
154
102
125
173
78
101
149
74
98
144
69
93
139
77
101
146
66
91
135
59
84
128
87
112
156
97
122
166
112
135
180
127
147
194
112
132
179
112
132
178
109
130
175
107
129
173
86
110
152
46
71
112
28
53
93
74
100
138
140
167
204
126
154
191
96
126
161
86
116
151
99
128
165
102
129
166
92
119
156
127
153
190
131
153
191
110
130
168
82
101
139
67
86
124
72
92
130
80
101
139
32
53
91
23
48
85
84
110
147
80
107
144
67
86
129
71
90
134
59
78
123
69
88
133
81
101
146
79
100
145
82
103
149
84
107
153
92
115
161
101
124
171
102
125
173
100
123
171
108
131
179
112
136
184
111
138
185
113
144
192
102
135
184
101
135
181
147
179
218
184
212
243
211
233
254
223
240
254
225
239
251
220
233
248
211
228
247
205
225
250
201
224
254
215
225
255
209
216
244
200
205
229
202
206
226
202
205
219
194
196
205
188
187
192
198
193
195
196
187
186
197
186
182
213
199
194
233
215
210
234
214
209
221
201
196
222
204
187
192
175
155
170
153
128
171
154
125
206
186
156
233
211
183
216
189
164
196
166
141
206
174
147
208
176
142
192
161
117
192
162
107
209
183
116
210
181
108
205
171
95
212
178
102
223
191
115
214
182
107
199
167
94
203
171
100
211
179
109
206
172
106
200
168
103
202
169
106
213
179
117
225
191
131
217
183
123
212
175
105
217
180
105
218
183
96
213
182
83
214
184
76
219
187
77
222
189
80
216
181
77
216
178
83
221
184
94
227
192
105
228
193
107
223
190
102
222
190
101
229
203
103
222
196
95
207
180
79
208
180
77
215
186
82
218
188
83
226
195
90
216
183
79
226
191
88
237
199
99
221
180
82
214
172
75
229
187
91
234
194
94
233
198
92
238
206
94
239
209
91
240
211
90
238
209
87
227
197
81
224
193
84
230
196
96
205
171
77
222
187
97
228
194
101
230
196
101
229
197
99
229
191
109
234
196
114
225
187
105
216
179
97
213
178
96
224
190
107
251
218
137
240
209
130
222
191
116
215
183
112
223
192
125
233
201
137
231
200
138
225
195
138
236
216
181
244
225
191
220
198
166
214
193
162
213
192
161
225
203
175
216
195
168
217
196
170
215
194
171
199
178
156
211
192
170
217
198
177
216
197
177
229
206
189
237
211
194
240
214
197
240
214
197
223
197
180
219
193
176
220
194
177
218
192
175
224
198
181
227
201
184
219
193
176
214
188
171
218
192
175
225
199
182
225
198
178
227
201
177
236
211
183
233
207
174
223
198
158
225
199
153
226
200
147
223
196
138
232
202
140
234
203
138
228
195
128
220
188
118
221
187
117
227
192
121
237
197
124
230
193
118
222
188
112
221
191
114
224
198
121
218
196
116
210
189
108
208
186
104
212
189
107
218
192
110
226
196
113
233
198
116
236
199
117
236
201
115
233
199
110
226
192
102
221
188
95
220
188
93
222
191
92
224
195
92
221
192
88
223
194
90
225
196
92
216
189
85
203
175
73
201
173
72
211
183
82
195
165
71
200
170
76
215
186
90
226
196
97
223
193
92
212
182
81
205
176
73
229
198
95
214
183
81
215
183
83
211
177
79
238
203
106
254
218
123
224
189
96
228
194
105
223
191
101
215
186
95
219
193
100
217
195
99
204
188
88
208
196
93
211
202
96
189
183
76
239
236
127
127
149
198
103
126
174
35
58
106
19
42
90
45
68
116
53
77
124
70
94
140
73
97
143
86
111
155
75
100
144
65
90
134
91
116
160
100
125
168
116
140
183
127
148
194
105
126
171
102
123
168
85
106
151
75
98
140
65
89
131
34
58
99
23
48
88
65
90
130
102
129
166
83
110
147
76
105
142
88
117
154
92
120
157
111
137
174
119
145
182
108
131
169
89
110
148
87
107
145
95
114
152
82
101
139
87
106
144
90
112
150
66
90
128
62
89
126
87
113
150
80
109
146
65
87
129
68
90
133
64
85
130
72
93
138
72
94
139
60
83
128
77
101
147
94
117
163
99
122
169
102
127
174
99
125
172
97
123
170
109
135
182
121
147
194
129
155
202
124
153
201
106
138
186
105
138
184
142
173
213
191
217
247
217
237
255
227
241
255
230
243
255
227
239
252
219
234
253
213
231
255
210
231
255
211
222
249
202
209
237
197
202
226
204
208
228
207
210
226
201
202
212
194
194
199
196
191
192
194
185
185
198
186
183
213
199
194
232
214
209
231
212
207
216
196
191
235
217
199
214
197
177
180
163
138
169
151
123
203
183
152
233
211
183
220
194
168
194
163
139
203
172
145
217
185
151
205
174
130
191
161
106
203
177
110
210
181
109
210
175
101
218
183
108
228
196
121
219
186
112
200
167
95
199
166
96
205
172
103
202
168
101
197
165
100
199
167
102
210
177
114
223
190
127
217
183
122
216
179
109
219
183
106
218
184
96
211
179
80
210
180
72
216
184
74
219
186
77
219
184
81
220
183
87
225
189
98
231
195
108
228
194
106
220
188
99
217
186
95
225
197
99
225
196
98
216
187
88
212
182
82
210
180
77
219
188
85
225
194
89
218
185
81
222
187
84
235
198
97
234
195
97
228
185
89
230
188
92
233
194
96
237
202
96
240
208
96
241
211
93
240
211
90
235
206
85
224
195
78
222
190
82
225
193
93
204
170
76
226
192
102
235
200
109
236
202
107
234
202
105
233
196
111
229
191
109
221
183
101
228
192
109
235
200
117
228
195
112
226
196
114
241
211
132
223
193
117
217
189
116
223
195
127
222
194
128
211
184
120
206
179
122
226
205
173
235
214
182
214
192
161
215
193
164
213
192
164
221
200
173
222
202
175
246
226
202
242
222
200
215
194
173
195
176
155
174
154
136
161
141
123
169
146
129
175
149
131
195
169
151
227
201
184
231
205
188
226
200
183
226
200
183
218
192
175
220
195
178
225
199
182
217
191
174
215
189
171
220
194
177
226
200
183
222
197
175
225
200
175
235
210
181
233
207
173
227
202
162
230
204
158
227
201
148
223
197
136
225
196
132
225
195
128
225
193
123
225
193
122
226
194
121
228
194
121
235
196
124
237
201
128
230
196
123
221
191
116
219
193
117
222
198
122
218
195
118
209
187
109
214
189
112
220
193
114
227
196
117
234
198
119
237
200
120
237
202
119
233
200
114
227
195
106
222
191
100
221
191
95
220
191
93
220
191
91
222
195
92
224
198
92
227
200
95
226
197
92
215
186
83
207
178
74
207
178
74
194
164
68
201
172
74
217
188
90
227
197
98
223
192
92
211
181
80
205
176
72
231
199
97
234
202
102
211
179
79
222
188
91
232
196
101
251
215
121
231
194
104
230
195
109
221
188
100
215
184
95
223
197
106
221
199
104
201
184
86
206
193
92
215
204
101
194
187
82
245
239
132
127
150
198
104
127
175
34
57
105
16
39
87
43
66
114
53
76
123
70
94
140
73
98
143
87
112
156
76
101
145
65
90
134
91
116
160
100
125
169
116
140
183
128
149
194
105
126
171
102
123
168
84
105
150
74
97
139
65
89
131
33
58
99
23
48
88
64
90
130
101
128
165
81
109
146
75
104
141
88
117
154
92
120
157
111
137
174
120
146
183
107
130
168
87
108
146
86
106
144
96
115
153
82
101
139
88
107
145
91
112
150
68
92
130
64
91
128
87
114
151
80
109
146
65
87
129
68
90
133
65
86
131
72
93
138
72
94
139
59
82
127
77
100
146
94
118
164
99
123
169
102
127
174
99
125
172
97
123
170
109
135
182
122
148
195
130
156
203
125
153
202
106
138
187
105
138
184
142
173
212
192
218
247
217
237
255
227
241
255
231
243
255
227
239
252
220
234
254
213
232
255
210
231
255
211
221
249
202
209
236
197
202
226
204
209
229
208
210
226
201
202
213
195
194
199
196
191
192
194
185
185
198
186
183
213
199
194
232
214
209
231
212
207
216
196
191
235
218
200
215
198
178
180
164
139
169
151
123
203
183
152
233
211
183
220
194
168
194
164
139
203
172
145
217
185
151
206
175
131
191
161
106
203
177
110
211
181
110
210
175
101
218
183
109
229
196
122
219
186
113
200
167
95
199
166
96
205
172
103
202
168
101
197
165
100
199
167
102
210
177
114
223
190
127
217
184
122
216
179
109
220
184
106
218
184
96
211
179
79
210
180
72
216
184
74
219
186
77
219
184
81
221
183
88
226
189
99
231
196
109
229
194
106
220
188
99
217
186
95
225
197
99
225
196
98
216
187
88
212
183
82
209
180
77
219
188
85
225
194
89
219
185
81
222
187
84
236
198
98
235
196
97
228
186
90
230
188
93
233
194
96
237
202
97
240
208
96
241
211
93
240
211
90
235
206
86
224
195
79
222
190
82
225
193
93
204
170
76
227
192
102
235
201
109
236
203
108
235
202
105
233
196
112
229
191
109
221
183
101
229
192
110
236
201
118
228
195
112
225
195
113
241
211
132
223
193
117
218
189
116
223
195
127
221
194
128
210
183
119
205
178
122
226
205
173
235
214
182
213
192
161
215
193
164
213
192
164
221
200
173
223
202
176
247
227
204
244
223
201
216
195
174
194
175
154
173
153
135
159
139
121
167
144
127
172
146
129
193
167
150
226
200
183
232
206
189
227
201
184
226
200
183
218
192
175
221
195
178
225
199
182
217
191
174
215
189
172
220
194
177
226
200
183
222
198
175
225
200
175
235
211
181
233
208
173
227
202
162
230
204
159
227
201
148
223
197
136
224
196
132
225
195
128
225
193
123
225
193
122
227
194
121
228
194
121
235
196
124
238
201
128
231
197
124
221
191
116
219
193
117
222
199
123
218
195
119
210
187
109
214
189
112
220
193
114
227
196
117
234
198
119
237
200
120
237
202
119
234
201
115
227
195
106
222
191
100
221
191
95
221
192
93
219
191
91
223
195
92
224
198
92
227
201
95
227
198
93
216
187
83
207
178
74
206
177
73
194
164
68
202
173
75
217
188
90
227
197
98
223
192
92
211
181
80
205
176
72
231
200
97
235
203
103
211
179
80
223
189
91
231
196
101
251
215
121
231
195
104
230
195
109
221
188
100
215
184
95
223
197
106
221
199
104
201
184
86
207
193
92
215
205
102
194
187
82
245
239
132
111
134
182
84
107
155
27
50
98
12
36
83
50
74
121
74
98
144
72
96
142
75
99
144
90
115
159
84
109
153
77
102
146
101
126
169
111
136
178
124
148
191
123
144
189
97
118
163
98
119
164
87
109
152
69
92
134
49
73
115
26
50
91
35
60
100
74
100
140
92
118
157
74
102
139
78
107
144
89
118
155
97
124
162
113
138
177
111
136
174
97
119
158
95
115
154
101
120
160
97
115
155
79
98
137
79
98
138
83
105
145
72
97
136
63
90
128
74
101
139
79
109
147
65
87
129
69
91
134
64
86
131
68
90
135
78
100
145
73
97
141
89
112
158
103
127
173
105
130
176
106
132
179
101
128
175
97
124
171
107
134
181
123
149
197
136
161
209
125
153
202
103
134
183
102
134
179
137
167
206
191
216
246
217
236
255
227
241
255
231
242
255
228
239
252
220
234
254
214
232
255
210
231
255
212
222
250
204
210
239
199
204
229
205
210
230
208
210
226
200
201
212
193
192
198
192
187
189
192
183
183
198
186
183
214
200
196
234
216
211
234
214
209
220
199
194
226
208
191
220
203
183
189
172
147
169
151
123
193
174
143
222
200
172
218
192
166
201
171
146
202
171
143
214
182
148
207
176
132
194
164
109
200
174
107
208
179
107
212
177
103
219
184
111
228
195
121
219
185
113
201
168
96
198
165
95
202
169
100
199
166
99
199
166
101
202
169
105
210
178
114
222
190
126
215
182
119
214
178
107
220
184
106
221
187
98
215
183
84
214
183
76
218
186
76
219
186
77
220
185
82
221
183
88
225
188
98
228
193
106
225
191
102
216
184
94
212
181
89
221
192
96
224
194
97
218
189
90
214
184
84
208
179
76
220
189
86
224
193
89
221
187
84
220
185
82
231
193
93
234
195
96
227
186
90
229
186
91
235
195
97
239
205
99
242
209
98
243
212
95
240
212
91
234
206
86
224
196
80
220
189
81
222
190
90
201
167
73
226
190
101
235
200
110
235
202
108
234
202
105
237
200
115
233
195
113
224
186
103
229
193
109
234
200
116
227
194
111
225
195
113
235
205
126
221
194
117
222
195
122
228
201
133
222
196
130
210
184
119
206
181
124
217
196
166
222
201
171
209
188
159
218
197
169
222
201
173
221
201
175
212
192
166
217
197
174
200
179
158
168
148
126
141
121
102
121
101
83
107
87
69
114
91
74
119
94
76
149
124
106
207
181
164
231
205
188
228
203
185
227
202
184
218
193
175
220
195
177
223
198
181
214
189
172
213
188
171
219
194
176
222
197
180
222
198
175
225
201
175
234
210
180
231
207
172
227
203
162
230
205
158
227
201
147
223
197
136
222
194
129
221
192
124
223
192
122
226
194
123
228
195
122
228
193
121
232
193
122
237
200
129
231
197
125
219
189
116
215
190
115
221
197
123
219
196
121
211
188
112
216
191
114
221
193
116
227
196
118
234
197
120
237
199
120
236
201
119
232
201
115
226
196
107
221
192
101
221
192
96
220
192
93
219
191
90
223
195
92
225
199
93
231
203
97
231
202
97
222
193
88
211
182
78
209
180
76
199
170
72
207
178
80
221
192
93
230
200
100
224
194
93
212
182
81
206
177
75
230
201
100
238
212
112
212
179
81
226
191
95
229
193
99
247
211
118
232
196
105
230
195
109
225
191
104
219
188
100
222
196
105
216
193
100
201
184
87
211
197
97
221
210
107
200
192
88
246
242
137
92
115
163
60
83
131
18
41
89
8
31
78
59
83
129
101
125
171
74
99
144
76
101
145
94
119
163
95
120
164
91
116
160
113
138
180
124
149
191
134
157
200
118
139
184
87
108
153
94
115
160
91
113
156
64
87
129
29
53
95
17
42
83
50
75
115
86
112
152
80
106
146
66
94
131
82
111
148
90
119
156
105
129
169
116
138
179
101
123
164
85
105
146
104
124
165
120
138
179
99
117
158
75
93
134
68
88
129
74
97
138
78
103
143
62
90
129
58
87
126
79
109
148
65
87
129
70
93
136
64
87
132
64
87
132
85
108
153
90
115
159
103
127
173
114
139
185
114
140
186
112
138
185
104
131
178
97
125
172
104
132
179
126
152
199
144
168
216
127
153
202
99
129
178
98
129
174
130
159
198
190
215
244
217
235
255
227
241
255
232
242
255
230
239
253
222
235
254
215
232
255
210
230
255
213
223
251
206
212
241
203
208
232
207
212
232
208
211
227
199
200
212
191
190
197
187
183
185
189
180
180
198
186
183
216
201
198
236
218
213
237
217
212
224
204
199
215
198
180
226
209
189
199
182
157
169
152
123
183
163
132
208
186
158
217
190
164
210
180
155
201
169
142
211
179
145
209
178
134
197
167
112
197
171
104
205
176
104
215
180
106
221
186
113
226
193
120
218
185
113
202
169
99
196
164
94
198
165
96
197
164
97
201
168
102
205
173
108
211
179
114
221
189
124
213
180
116
212
176
105
220
184
107
225
191
102
220
189
89
219
188
81
220
188
78
219
186
77
222
187
84
221
183
88
224
187
96
225
191
102
220
186
97
211
179
88
207
176
83
217
187
92
222
193
97
221
192
94
216
186
87
207
177
76
221
190
87
224
192
89
224
191
88
218
183
80
226
188
88
233
194
95
226
185
89
227
185
90
236
197
99
242
208
102
244
211
100
245
215
97
240
213
92
234
207
87
226
198
81
219
189
81
218
186
87
198
164
70
224
188
100
234
199
110
234
201
109
234
202
106
242
204
119
238
201
117
227
191
107
230
194
110
232
197
113
225
193
109
226
196
113
229
199
120
220
194
118
228
203
129
234
209
140
222
198
132
209
184
120
208
184
127
206
185
157
207
186
158
204
183
155
223
202
174
232
211
184
221
201
176
200
180
156
181
160
138
146
127
105
109
90
69
76
56
38
58
38
20
44
24
6
50
28
10
54
30
12
96
72
54
183
159
141
229
205
187
230
206
188
228
204
186
218
194
176
220
196
178
221
197
179
212
188
170
212
188
170
217
193
175
218
194
176
223
199
176
225
202
176
233
209
179
229
206
170
227
204
162
229
206
158
226
201
146
223
197
136
218
191
126
216
188
120
221
192
121
228
196
124
229
197
124
227
193
121
228
189
120
236
199
129
231
198
127
218
187
116
211
186
114
220
196
124
221
197
124
214
191
116
217
192
117
222
194
119
228
196
120
234
197
121
236
198
120
234
201
119
230
202
115
226
198
109
221
194
103
221
193
98
219
193
94
218
191
90
223
196
93
226
200
94
235
206
101
237
208
103
229
200
95
217
188
84
212
183
79
207
178
78
214
185
86
226
198
98
233
204
103
225
195
94
213
183
82
208
178
77
230
203
103
241
223
124
213
180
82
230
195
100
226
190
97
243
206
114
234
198
107
230
195
109
230
196
110
224
193
105
221
194
103
209
186
94
202
183
88
217
202
103
228
216
115
207
197
95
247
246
143
92
115
163
60
83
131
18
41
89
8
31
78
59
83
129
101
125
171
74
99
144
76
101
145
94
119
163
95
120
164
91
116
160
113
138
180
124
149
191
134
157
200
118
139
184
87
108
153
94
115
160
91
113
156
64
87
129
29
53
95
17
42
83
50
75
115
86
112
152
80
106
146
66
94
131
82
111
148
90
119
156
105
129
169
116
138
179
101
123
164
85
105
146
104
124
165
120
138
179
99
117
158
75
93
134
68
88
129
74
97
138
78
103
143
62
90
129
58
87
126
79
109
148
65
87
129
70
93
136
64
87
132
64
87
132
85
108
153
90
115
159
103
127
173
114
139
185
114
140
186
112
138
185
104
131
178
97
125
172
104
132
179
126
152
199
144
168
216
127
153
202
99
129
178
98
129
174
130
159
198
190
215
244
217
235
255
227
241
255
232
242
255
230
239
253
222
235
254
215
232
255
210
230
255
213
223
251
206
212
241
203
208
232
207
212
232
208
211
227
199
200
212
191
190
197
187
183
185
189
180
180
198
186
183
216
201
198
236
218
213
237
217
212
224
204
199
215
198
180
226
209
189
199
182
157
169
152
123
183
163
132
208
186
158
217
190
164
210
180
155
201
169
142
211
179
145
209
178
134
197
167
112
197
171
104
205
176
104
215
180
106
221
186
113
226
193
120
218
185
113
202
169
99
196
164
94
198
165
96
197
164
97
201
168
102
205
173
108
211
179
114
221
189
124
213
180
116
212
176
105
220
184
107
225
191
102
220
189
89
219
188
81
220
188
78
219
186
77
222
187
84
221
183
88
224
187
96
225
191
102
220
186
97
211
179
88
207
176
83
217
187
92
222
193
97
221
192
94
216
186
87
207
177
76
221
190
87
224
192
89
224
191
88
218
183
80
226
188
88
233
194
95
226
185
89
227
185
90
236
197
99
242
208
102
244
211
100
245
215
97
240
213
92
234
207
87
226
198
81
219
189
81
218
186
87
198
164
70
224
188
100
234
199
110
234
201
109
234
202
106
242
204
119
238
201
117
227
191
107
230
194
110
232
197
113
225
193
109
226
196
113
229
199
120
220
194
118
228
203
129
234
209
140
222
198
132
209
184
120
208
184
127
206
185
157
207
186
158
204
183
155
223
202
174
232
211
184
221
201
176
200
180
156
181
160
138
146
127
105
109
90
69
76
56
38
58
38
20
44
24
6
50
28
10
54
30
12
96
72
54
183
159
141
229
205
187
230
206
188
228
204
186
218
194
176
220
196
178
221
197
179
212
188
170
212
188
170
217
193
175
218
194
176
223
199
176
225
202
176
233
209
179
229
206
170
227
204
162
229
206
158
226
201
146
223
197
136
218
191
126
216
188
120
221
192
121
228
196
124
229
197
124
227
193
121
228
189
120
236
199
129
231
198
127
218
187
116
211
186
114
220
196
124
221
197
124
214
191
116
217
192
117
222
194
119
228
196
120
234
197
121
236
198
120
234
201
119
230
202
115
226
198
109
221
194
103
221
193
98
219
193
94
218
191
90
223
196
93
226
200
94
235
206
101
237
208
103
229
200
95
217
188
84
212
183
79
207
178
78
214
185
86
226
198
98
233
204
103
225
195
94
213
183
82
208
178
77
230
203
103
241
223
124
213
180
82
230
195
100
226
190
97
243
206
114
234
198
107
230
195
109
230
196
110
224
193
105
221
194
103
209
186
94
202
183
88
217
202
103
228
216
115
207
197
95
247
246
143
70
93
141
35
58
106
34
58
104
66
90
136
107
131
177
113
137
183
74
99
143
70
95
140
85
110
154
93
118
161
92
117
159
102
128
170
112
137
179
119
142
184
90
112
154
67
89
131
76
98
140
85
107
149
62
84
127
28
53
95
36
60
101
82
107
147
106
132
172
96
122
162
96
122
162
101
130
169
97
126
164
100
124
164
89
109
150
74
94
135
89
108
150
124
142
183
120
138
179
81
99
140
83
101
142
71
91
132
74
97
138
75
101
140
61
89
128
64
95
134
86
119
158
71
95
137
68
91
134
64
87
132
55
79
123
77
102
146
84
109
153
83
108
154
89
115
161
92
119
165
100
128
175
109
137
184
113
141
188
117
145
192
123
150
198
128
151
199
116
140
190
95
122
170
98
130
175
126
153
192
189
213
244
215
233
255
227
239
254
232
242
252
229
238
252
222
233
252
214
229
254
208
226
255
214
223
253
208
214
243
203
207
234
204
208
231
203
205
222
193
194
206
187
186
193
182
177
179
186
178
177
196
183
181
212
198
195
230
212
209
232
211
209
221
200
198
205
188
170
221
205
184
194
178
153
165
147
119
175
155
125
200
178
150
217
191
165
216
186
161
206
174
147
208
176
142
204
173
129
199
169
114
195
170
102
201
172
100
214
180
106
217
182
109
217
183
110
213
179
109
206
172
102
199
166
96
199
166
97
201
168
99
206
175
106
206
174
109
209
177
111
217
186
120
211
179
114
212
177
104
220
185
106
226
192
102
222
190
90
220
190
83
222
190
80
221
188
79
221
186
83
217
179
84
216
179
89
218
183
94
215
181
92
211
179
87
211
180
87
213
182
89
220
188
94
224
192
96
221
190
92
212
180
80
226
194
94
222
189
86
222
189
86
218
183
82
222
186
86
229
190
92
218
178
82
223
183
87
237
199
100
241
207
100
240
209
98
242
214
96
241
214
93
236
209
88
229
202
85
221
192
83
217
185
86
193
158
67
218
184
95
228
194
105
229
196
104
230
198
104
248
209
124
252
215
131
239
202
118
225
190
106
216
184
99
217
187
103
236
207
125
224
197
117
219
196
119
228
205
132
229
206
138
213
192
127
210
189
126
227
206
150
232
213
186
221
202
175
221
201
175
217
197
171
206
186
161
166
145
123
128
107
86
82
62
41
52
32
14
50
30
12
44
24
6
64
44
26
69
49
32
56
34
19
40
16
1
95
71
53
200
176
158
236
212
194
217
193
176
215
191
173
218
194
176
222
198
180
220
196
178
212
188
170
215
191
173
220
196
178
217
193
175
225
201
178
225
203
176
229
208
175
226
204
166
226
203
160
230
207
158
224
201
146
223
198
135
219
192
126
217
189
121
221
193
120
227
196
123
226
195
120
224
191
117
226
188
120
230
194
126
227
193
124
218
189
121
217
189
122
219
193
126
218
195
126
218
195
124
222
195
124
225
197
123
229
196
123
232
195
121
234
195
120
231
198
117
228
201
115
226
199
112
225
198
107
220
195
99
219
193
94
219
193
92
219
193
89
225
199
93
237
208
103
235
206
101
223
193
88
214
184
79
216
185
81
215
186
85
220
192
91
230
202
101
233
204
103
225
195
94
214
184
84
212
182
81
228
199
100
242
218
119
214
180
85
226
191
97
228
191
98
238
202
109
236
199
111
233
196
112
236
200
115
230
197
110
220
192
102
205
180
88
203
182
89
215
198
102
217
201
104
197
185
85
245
235
134
69
92
140
33
57
104
35
59
105
70
94
140
110
134
180
114
138
184
74
99
143
70
95
139
84
109
153
93
118
161
92
117
159
102
127
169
111
136
178
118
142
184
88
110
152
66
88
130
75
97
139
85
107
149
62
84
126
29
53
95
37
61
102
84
109
149
108
133
173
98
124
164
98
125
164
102
131
170
97
126
165
100
124
164
87
107
148
72
92
133
89
109
150
125
143
184
120
138
179
80
98
139
84
102
143
71
91
132
74
97
138
75
100
140
61
89
128
65
95
134
87
120
159
72
96
138
68
91
134
64
87
132
54
79
123
77
102
146
84
109
153
81
107
153
87
113
159
91
118
164
100
128
174
109
137
184
114
142
189
118
146
193
123
150
198
127
150
198
115
139
189
94
122
169
99
130
175
126
153
192
189
213
244
215
233
255
227
239
254
232
242
252
229
238
252
222
233
252
214
229
254
208
226
255
214
223
254
208
214
243
203
207
234
204
208
231
203
205
222
193
194
206
187
185
192
181
177
179
186
178
177
196
183
181
212
197
195
230
211
208
232
211
209
221
200
198
205
187
170
221
205
184
194
178
153
165
147
119
175
155
124
200
178
150
217
191
165
217
186
161
206
174
147
208
176
142
204
173
129
199
169
114
195
170
102
201
172
100
215
180
107
216
181
108
216
183
110
213
179
109
206
172
102
199
166
96
199
166
97
202
169
100
206
175
106
207
175
109
209
177
111
217
185
119
211
179
113
212
177
104
220
185
106
226
193
102
222
191
91
221
190
83
222
190
80
221
188
79
221
186
83
217
179
84
216
179
89
218
183
94
215
181
92
211
179
87
211
180
87
213
182
89
220
188
94
224
192
96
222
190
92
212
180
80
227
195
94
222
189
86
222
189
86
218
184
82
222
186
86
228
190
92
218
178
82
223
183
87
237
200
100
241
207
100
240
210
97
242
214
96
241
214
93
236
209
88
229
202
85
221
192
84
217
185
86
193
158
67
218
184
95
228
194
104
229
195
104
230
198
104
248
210
125
253
216
132
239
203
119
225
190
106
216
183
99
217
187
103
237
207
126
224
197
117
219
196
119
228
205
132
228
206
138
213
192
127
210
189
126
228
208
152
234
215
188
222
203
176
222
202
176
217
197
172
204
184
159
163
142
120
123
103
81
76
57
36
46
27
8
46
26
9
43
23
5
65
45
27
70
50
33
56
34
19
39
15
0
95
71
54
201
177
159
236
212
194
217
193
175
215
191
173
218
194
176
222
198
180
220
196
178
212
188
170
215
191
173
220
196
178
217
193
175
225
201
178
226
203
176
229
207
175
226
204
166
226
203
160
230
207
159
224
201
146
223
198
135
219
192
126
217
189
121
222
193
120
227
196
123
226
195
120
223
191
117
226
188
120
229
193
125
227
193
124
219
189
121
217
190
123
219
193
126
218
195
126
219
195
125
223
196
125
226
197
123
229
196
123
233
195
121
234
195
120
231
198
117
228
201
115
226
199
112
225
198
107
220
195
100
219
194
95
219
194
92
219
193
89
225
199
93
237
208
103
235
206
101
223
193
88
214
184
79
216
185
82
215
187
86
221
193
92
230
202
101
233
204
103
225
195
94
215
185
84
212
182
81
228
199
100
242
217
119
214
180
85
226
191
97
228
191
99
238
201
109
236
199
111
234
197
113
237
201
116
231
197
111
220
192
102
204
179
87
204
182
89
215
198
102
217
201
104
197
184
84
245
234
133
73
97
144
40
64
110
43
67
113
85
109
155
104
128
174
84
108
153
71
96
140
79
104
148
90
115
158
97
122
165
92
117
159
95
120
162
101
126
168
109
133
175
86
108
150
73
95
137
76
98
140
74
96
138
62
85
127
53
77
119
59
83
124
83
108
148
95
121
161
92
118
158
97
124
164
94
123
163
92
121
160
94
118
158
85
105
146
88
108
149
104
123
164
111
128
169
96
113
154
80
98
139
81
99
140
64
84
125
66
89
129
66
92
132
63
92
131
71
102
141
73
106
144
71
95
137
63
87
130
68
92
137
64
88
133
84
109
153
87
113
157
82
108
154
80
106
152
83
111
156
95
123
169
108
136
183
112
141
188
113
142
189
114
141
189
116
139
187
110
134
183
96
123
171
105
136
181
129
156
195
192
215
246
216
234
255
227
239
254
232
241
252
229
238
251
221
232
252
213
228
253
207
224
255
212
221
252
206
212
241
201
205
232
202
206
228
200
202
219
191
192
204
186
185
192
181
176
179
186
177
178
195
182
181
209
194
192
225
206
203
226
205
203
215
194
192
212
194
177
221
204
183
189
173
148
165
147
119
181
162
131
209
187
159
222
196
170
213
183
158
210
178
151
210
178
144
201
170
126
197
167
112
196
170
103
200
171
100
213
178
106
214
179
107
212
178
106
210
177
107
207
173
103
200
168
97
202
169
99
205
173
103
208
177
107
205
174
106
206
174
106
216
184
117
213
182
114
214
179
104
220
186
105
224
190
99
218
187
87
218
187
80
221
189
79
221
188
79
220
185
81
215
177
82
213
177
86
216
181
92
216
182
92
214
183
90
217
186
92
215
183
91
219
187
94
224
192
96
223
192
94
215
183
84
229
197
97
220
187
85
219
186
83
220
185
83
225
189
89
228
190
92
216
177
80
223
183
87
236
199
99
236
204
96
236
205
93
239
211
92
239
212
91
234
207
87
228
201
85
222
193
86
218
185
88
191
157
67
216
182
94
226
192
103
227
194
103
229
196
103
249
211
126
254
215
132
240
204
120
230
195
111
221
189
104
217
187
103
229
201
119
228
202
123
221
198
122
223
202
130
218
197
131
201
181
117
202
182
121
225
206
152
225
206
181
213
195
169
213
195
170
195
176
151
172
153
129
124
104
82
93
74
52
65
46
26
49
30
11
61
41
23
50
30
12
64
43
26
69
49
32
57
35
19
45
21
5
108
84
66
214
190
172
236
212
194
209
185
167
212
188
170
219
195
177
223
199
181
220
196
178
213
189
171
217
193
175
223
199
181
219
195
177
225
202
178
225
202
175
227
206
174
224
203
165
226
203
160
231
208
159
225
202
147
222
198
135
220
193
127
219
191
122
222
194
121
225
195
121
224
193
118
223
190
117
229
192
124
230
195
127
227
194
126
222
193
126
223
196
130
221
196
130
219
195
128
220
196
127
224
196
127
226
197
125
229
196
124
232
194
121
233
193
119
230
197
116
227
200
114
227
200
113
225
199
108
221
195
100
220
194
95
220
195
94
218
192
88
226
199
94
238
209
104
233
204
99
217
188
83
210
180
75
216
185
82
215
187
84
220
192
90
228
200
98
231
202
100
223
193
92
214
184
83
213
182
82
225
195
96
238
210
112
213
180
84
222
186
93
229
192
100
238
201
109
238
200
112
237
199
115
237
200
115
230
196
110
221
192
103
207
181
90
204
182
89
215
196
100
216
199
102
196
182
83
245
232
131
80
104
150
49
73
119
53
77
123
106
130
176
96
120
166
45
69
114
67
92
136
91
116
160
97
122
165
103
128
170
93
118
160
86
111
153
88
113
155
97
121
163
84
106
148
83
105
147
77
99
141
61
83
125
63
86
128
86
110
152
88
113
153
81
106
146
80
106
146
85
111
151
97
124
164
85
114
153
85
114
153
88
110
151
83
103
144
109
129
170
123
141
182
92
109
150
64
80
122
81
98
140
78
96
137
55
75
116
55
78
118
55
81
121
66
96
135
79
112
151
54
87
126
70
94
136
57
82
124
74
99
143
77
102
146
93
118
162
91
117
161
82
108
154
70
97
143
73
102
147
89
117
163
106
134
181
110
140
187
106
136
183
102
129
176
102
125
173
103
128
175
98
126
173
115
143
189
134
161
200
196
219
249
218
234
255
227
239
254
232
242
252
229
237
251
220
232
251
211
226
252
205
223
254
210
218
250
204
210
239
198
202
229
199
203
225
196
198
216
189
190
202
186
185
192
181
176
178
186
177
178
193
181
180
205
190
188
218
200
197
218
197
195
208
187
185
222
204
187
220
204
183
184
167
142
165
147
119
190
171
140
221
199
171
229
203
177
209
179
154
215
183
156
212
180
147
197
166
123
195
165
110
197
171
104
200
170
100
212
176
106
211
175
105
207
172
102
207
173
103
208
175
105
202
170
99
206
174
103
210
178
107
210
180
109
203
173
102
202
172
101
215
184
115
216
185
116
216
181
105
221
187
104
221
187
95
214
183
82
214
184
76
219
187
77
221
187
80
218
183
80
212
175
79
211
175
83
214
180
90
217
183
93
219
188
94
224
194
99
217
183
92
220
187
94
224
191
97
226
194
97
219
187
88
233
201
101
219
186
83
215
182
79
222
187
84
228
193
92
228
191
93
214
175
77
222
182
86
235
198
98
230
199
92
231
201
88
235
207
88
236
209
88
232
206
85
227
201
85
224
194
88
220
186
91
190
156
67
214
179
93
224
189
102
225
191
102
228
195
103
250
212
128
255
215
132
242
205
121
236
201
117
228
196
112
217
188
104
219
192
110
234
208
131
223
200
126
218
197
128
204
186
121
184
166
104
191
173
114
222
203
151
213
195
172
202
184
161
202
184
161
166
148
125
129
111
88
73
54
33
54
35
14
52
33
13
54
34
16
81
61
43
59
39
22
62
42
25
67
47
30
58
36
18
52
28
10
124
100
82
231
207
189
236
212
194
200
176
158
209
185
167
221
197
179
224
200
182
221
197
179
215
191
173
221
197
179
227
203
185
221
197
179
225
203
179
224
202
175
226
204
172
223
201
164
226
203
160
233
210
161
227
204
149
221
198
135
222
195
129
221
194
125
223
195
122
223
194
120
222
191
116
222
190
116
233
197
130
231
196
130
228
195
129
227
198
133
231
205
139
224
200
134
220
196
130
223
198
131
225
197
130
228
197
128
229
195
125
232
194
121
232
192
119
229
195
115
227
200
113
228
201
114
226
201
109
222
196
101
221
195
97
222
197
95
218
191
88
226
200
95
240
211
106
230
201
96
211
181
76
205
174
71
216
185
82
215
187
83
218
191
87
226
199
95
228
200
96
221
191
89
214
184
83
214
183
84
221
189
91
233
200
103
212
179
83
217
181
89
231
194
102
238
201
109
239
202
113
241
201
118
237
199
115
230
194
108
224
193
105
210
183
93
205
181
88
215
194
99
216
197
101
196
179
82
244
228
129
80
104
150
49
73
119
53
77
123
106
130
176
96
120
166
45
69
114
67
92
136
91
116
160
97
122
165
103
128
170
93
118
160
86
111
153
88
113
155
97
121
163
84
106
148
83
105
147
77
99
141
61
83
125
63
86
128
86
110
152
88
113
153
81
106
146
80
106
146
85
111
151
97
124
164
85
114
153
85
114
153
88
110
151
83
103
144
109
129
170
123
141
182
92
109
150
64
80
122
81
98
140
78
96
137
55
75
116
55
78
118
55
81
121
66
96
135
79
112
151
54
87
126
70
94
136
57
82
124
74
99
143
77
102
146
93
118
162
91
117
161
82
108
154
70
97
143
73
102
147
89
117
163
106
134
181
110
140
187
106
136
183
102
129
176
102
125
173
103
128
175
98
126
173
115
143
189
134
161
200
196
219
249
218
234
255
227
239
254
232
242
252
229
237
251
220
232
251
211
226
252
205
223
254
210
218
250
204
210
239
198
202
229
199
203
225
196
198
216
189
190
202
186
185
192
181
176
178
186
177
178
193
181
180
205
190
188
218
200
197
218
197
195
208
187
185
222
204
187
220
204
183
184
167
142
165
147
119
190
171
140
221
199
171
229
203
177
209
179
154
215
183
156
212
180
147
197
166
123
195
165
110
197
171
104
200
170
100
212
176
106
211
175
105
207
172
102
207
173
103
208
175
105
202
170
99
206
174
103
210
178
107
210
180
109
203
173
102
202
172
101
215
184
115
216
185
116
216
181
105
221
187
104
221
187
95
214
183
82
214
184
76
219
187
77
221
187
80
218
183
80
212
175
79
211
175
83
214
180
90
217
183
93
219
188
94
224
194
99
217
183
92
220
187
94
224
191
97
226
194
97
219
187
88
233
201
101
219
186
83
215
182
79
222
187
84
228
193
92
228
191
93
214
175
77
222
182
86
235
198
98
230
199
92
231
201
88
235
207
88
236
209
88
232
206
85
227
201
85
224
194
88
220
186
91
190
156
67
214
179
93
224
189
102
225
191
102
228
195
103
250
212
128
255
215
132
242
205
121
236
201
117
228
196
112
217
188
104
219
192
110
234
208
131
223
200
126
218
197
128
204
186
121
184
166
104
191
173
114
222
203
151
213
195
172
202
184
161
202
184
161
166
148
125
129
111
88
73
54
33
54
35
14
52
33
13
54
34
16
81
61
43
59
39
22
62
42
25
67
47
30
58
36
18
52
28
10
124
100
82
231
207
189
236
212
194
200
176
158
209
185
167
221
197
179
224
200
182
221
197
179
215
191
173
221
197
179
227
203
185
221
197
179
225
203
179
224
202
175
226
204
172
223
201
164
226
203
160
233
210
161
227
204
149
221
198
135
222
195
129
221
194
125
223
195
122
223
194
120
222
191
116
222
190
116
233
197
130
231
196
130
228
195
129
227
198
133
231
205
139
224
200
134
220
196
130
223
198
131
225
197
130
228
197
128
229
195
125
232
194
121
232
192
119
229
195
115
227
200
113
228
201
114
226
201
109
222
196
101
221
195
97
222
197
95
218
191
88
226
200
95
240
211
106
230
201
96
211
181
76
205
174
71
216
185
82
215
187
83
218
191
87
226
199
95
228
200
96
221
191
89
214
184
83
214
183
84
221
189
91
233
200
103
212
179
83
217
181
89
231
194
102
238
201
109
239
202
113
241
201
118
237
199
115
230
194
108
224
193
105
210
183
93
205
181
88
215
194
99
216
197
101
196
179
82
244
228
129
92
115
162
54
78
124
70
94
140
124
148
193
103
128
172
55
80
124
64
89
133
100
125
167
107
133
174
109
134
176
80
105
146
90
116
156
101
127
167
107
132
172
100
122
163
99
121
162
88
110
151
63
85
126
67
90
131
95
120
160
90
114
156
65
89
130
67
92
134
96
121
163
100
126
167
86
114
155
95
123
164
96
118
160
107
126
169
114
133
175
117
134
177
87
104
147
93
109
151
119
135
178
102
119
162
68
87
130
54
76
118
60
86
128
62
92
132
62
94
135
66
98
139
54
78
120
64
88
131
74
99
143
71
96
140
73
98
142
86
113
157
94
119
166
90
117
163
95
124
169
96
124
170
94
122
169
97
127
174
105
135
182
110
137
185
96
119
167
95
120
167
99
127
174
106
135
180
159
187
224
202
225
253
215
232
253
229
241
255
236
245
255
228
237
250
208
219
239
194
209
234
194
212
243
209
218
249
202
207
238
195
199
226
198
202
225
199
201
219
192
192
205
186
184
194
189
183
188
190
181
182
202
190
189
203
188
186
210
191
189
219
198
196
201
180
178
214
196
179
228
211
191
204
187
162
160
142
114
177
157
127
226
204
176
230
204
178
213
182
157
208
176
149
203
171
137
196
165
121
192
162
107
199
173
106
205
175
105
208
172
102
202
166
96
191
157
87
207
174
101
208
176
103
188
156
84
201
169
96
212
180
107
204
175
101
202
173
99
204
174
101
208
179
105
211
182
108
225
191
113
226
192
108
208
174
82
199
168
66
209
179
70
228
196
86
220
186
78
220
185
82
219
181
86
219
182
91
219
184
95
219
185
94
220
189
94
225
195
98
221
186
97
210
176
85
226
192
99
224
191
94
223
191
92
230
198
97
218
185
82
221
188
85
220
187
84
219
185
82
225
189
89
220
184
85
219
182
84
229
194
92
238
206
98
240
210
98
233
206
86
227
202
80
230
205
84
229
202
87
220
192
85
206
174
78
198
165
75
218
182
98
230
196
111
231
199
111
233
202
111
251
213
129
252
212
129
242
205
121
232
197
113
223
192
109
218
189
107
215
188
110
228
205
130
219
198
128
210
191
126
205
187
126
202
185
128
206
190
136
213
196
149
192
175
154
172
155
134
140
123
102
87
70
50
52
35
16
48
31
12
70
53
34
74
57
39
73
55
38
79
61
44
70
52
35
77
59
41
76
58
41
43
22
7
106
84
68
202
180
162
229
207
189
232
209
192
217
195
177
206
184
166
210
187
169
215
193
175
220
198
180
220
198
180
219
196
179
220
198
180
223
201
183
226
204
180
218
197
170
215
194
162
224
203
167
237
215
173
232
211
162
215
192
137
220
195
135
220
195
130
218
192
123
224
197
126
226
197
124
220
191
116
225
193
120
226
191
125
216
182
116
229
198
133
232
204
139
230
205
141
233
209
146
225
201
138
224
198
134
224
196
131
224
193
127
224
190
121
229
191
119
235
195
122
229
196
115
222
195
108
222
195
106
222
195
104
225
200
104
225
199
101
219
192
92
225
198
94
226
197
92
234
205
100
219
189
84
195
164
61
206
174
71
224
191
88
226
199
94
215
189
84
223
196
91
222
194
91
220
191
89
223
192
92
208
177
78
227
194
97
239
205
109
218
184
90
227
191
97
222
186
93
228
191
99
238
199
110
235
194
111
238
199
114
231
194
109
217
183
94
208
178
89
218
192
100
223
200
107
216
195
100
214
194
98
223
204
107
93
117
163
55
79
125
72
96
142
125
150
195
104
129
173
56
81
125
64
89
133
100
125
167
109
134
176
109
134
176
79
104
145
90
116
156
102
128
168
108
132
173
101
123
164
101
123
164
89
111
152
64
86
127
68
91
131
96
121
161
90
115
156
63
87
129
66
91
133
97
122
164
100
126
168
87
115
156
96
124
165
97
119
161
109
128
171
114
133
176
116
133
176
87
104
147
95
111
154
122
139
182
105
122
165
69
88
131
54
76
118
61
87
128
62
91
132
61
92
133
67
99
140
53
77
119
65
89
132
75
100
144
71
96
140
71
96
140
86
113
157
95
121
167
92
119
165
97
126
171
96
125
171
93
121
168
96
126
173
105
135
182
111
138
185
96
118
166
94
119
167
100
127
174
106
135
180
162
189
226
203
225
253
215
232
253
229
241
255
236
245
255
228
237
250
207
219
238
192
207
233
193
211
242
209
218
249
202
207
238
195
199
226
198
202
225
200
202
219
192
192
205
186
184
194
190
184
189
191
182
183
203
191
190
203
188
186
209
191
188
219
198
196
200
179
177
214
196
178
229
212
191
205
189
164
160
142
114
176
156
125
226
204
176
231
204
179
213
183
158
207
176
149
202
170
136
196
165
121
192
162
107
199
174
106
205
176
106
208
172
102
201
165
95
190
156
86
207
174
101
208
176
103
187
155
82
200
168
95
212
180
107
204
175
101
202
173
99
204
175
101
207
178
104
211
182
108
226
192
114
226
192
109
207
173
81
197
167
65
209
179
70
229
197
86
220
186
78
221
186
83
220
182
87
219
183
92
219
185
95
219
186
94
220
189
95
225
196
98
221
187
97
209
176
85
226
192
99
224
191
94
223
191
93
230
198
97
218
185
82
222
189
86
220
187
84
219
184
81
225
189
89
221
185
85
219
182
84
229
194
92
238
207
99
241
211
99
233
206
86
226
202
80
230
205
84
229
202
87
220
191
85
205
174
77
199
165
76
218
183
99
230
196
112
232
200
112
234
203
112
251
214
129
252
212
129
242
205
121
232
197
113
223
191
108
219
189
108
215
188
111
228
205
130
219
198
128
209
191
126
205
187
126
204
187
130
207
191
138
212
195
149
191
174
153
170
153
132
135
118
97
80
63
44
46
29
10
46
29
10
71
54
35
76
59
41
75
57
40
79
61
44
71
53
36
78
60
43
77
59
42
41
21
6
111
89
73
209
187
169
229
207
189
231
209
191
219
197
179
206
184
166
209
187
169
214
192
174
220
198
180
220
198
180
219
197
179
220
198
180
223
201
183
227
205
181
218
197
170
214
193
161
224
204
167
238
217
175
232
211
162
214
191
136
220
195
135
220
195
130
217
191
123
224
197
126
226
198
124
220
191
117
226
194
121
225
191
125
214
181
115
230
199
133
233
204
140
230
205
141
234
209
147
226
202
139
225
198
134
224
196
131
224
193
127
224
190
120
230
191
119
236
195
123
229
196
115
222
195
108
221
195
105
222
195
104
226
201
104
225
200
101
219
192
91
225
198
95
226
197
92
234
205
100
218
188
83
194
163
60
207
174
71
224
191
88
227
200
95
215
189
83
223
196
91
222
194
90
221
191
89
224
193
93
207
176
77
227
194
97
239
206
110
218
184
90
227
192
98
222
185
93
228
191
99
238
199
110
235
194
110
238
199
114
232
194
109
216
182
94
208
178
89
219
193
101
224
201
107
217
195
100
216
196
99
221
202
105
92
116
162
64
88
134
75
100
145
118
143
188
104
129
173
73
98
142
85
110
153
99
124
166
104
129
171
106
131
173
80
106
146
92
118
158
98
124
164
99
123
164
88
111
151
88
110
151
84
106
147
75
97
138
79
102
143
90
115
155
83
107
149
72
96
138
78
103
145
92
117
159
91
117
158
85
113
154
94
122
163
100
123
165
113
132
175
113
132
175
110
128
171
83
100
143
97
114
157
129
146
189
115
132
175
75
94
137
55
78
120
64
89
131
69
98
139
62
92
133
56
88
129
48
72
114
63
87
129
78
103
147
77
101
146
78
103
147
88
114
158
94
120
166
92
118
164
94
122
167
90
118
165
87
115
162
94
123
170
107
136
183
113
140
187
101
123
171
104
129
177
109
137
184
99
129
174
141
169
207
198
220
248
217
234
253
228
240
255
233
243
253
224
232
246
205
216
235
191
206
232
194
211
243
210
219
251
204
209
240
196
200
228
199
203
226
200
202
220
192
192
205
186
184
194
191
185
190
191
182
183
201
188
188
200
185
184
206
187
185
215
194
193
198
177
176
211
193
176
225
208
188
203
186
161
158
141
112
177
158
127
227
205
177
229
203
177
211
181
156
205
173
146
199
167
133
194
163
119
192
162
107
196
171
104
202
172
102
208
172
101
204
169
97
194
161
89
208
175
102
207
175
101
189
157
83
201
170
96
210
179
104
201
172
97
201
172
97
205
177
101
208
180
103
208
180
104
220
187
107
219
186
101
210
177
84
208
178
75
211
182
72
223
191
81
219
185
78
225
190
88
223
185
90
220
184
92
216
182
91
215
182
89
219
189
93
228
199
101
220
185
95
209
175
84
224
191
97
223
190
94
223
191
92
231
199
97
218
185
82
218
185
82
218
185
81
221
187
83
227
192
90
220
184
83
221
184
85
230
195
93
234
202
94
233
203
91
226
200
80
227
202
81
231
206
86
226
199
84
213
184
78
201
169
73
202
167
79
221
186
102
231
197
113
231
198
111
232
200
111
241
204
119
241
201
118
233
197
113
227
192
109
222
190
109
219
190
110
216
190
113
225
202
128
224
203
136
218
200
137
208
190
133
200
183
129
198
182
132
200
184
140
177
161
141
138
122
103
109
92
73
74
57
39
49
33
15
43
27
8
59
42
24
63
45
28
69
51
34
74
56
40
70
52
36
71
53
37
59
41
25
59
39
23
137
115
98
213
191
173
222
200
182
226
204
186
216
194
176
204
182
164
207
185
167
212
191
172
218
196
178
219
197
179
217
195
177
218
196
178
221
199
181
227
205
181
220
198
172
217
197
166
225
204
168
232
210
168
227
206
157
218
196
141
223
199
139
224
199
134
220
194
125
224
197
126
226
197
125
220
191
117
227
196
123
228
194
128
218
185
119
228
198
133
230
202
139
226
201
138
229
204
143
225
200
139
225
199
136
225
197
133
225
194
128
225
190
121
229
190
119
233
193
120
230
197
115
226
199
111
224
198
108
225
197
105
228
202
105
227
200
101
220
192
91
224
196
93
225
197
92
239
209
105
225
195
91
200
169
67
211
178
76
225
192
90
224
197
91
213
187
81
222
195
90
222
194
91
221
192
90
225
194
95
210
179
81
227
194
97
239
206
111
219
185
91
227
192
98
227
191
98
230
194
101
237
199
108
235
193
109
237
197
112
231
193
107
218
183
95
211
180
91
219
191
100
222
197
104
216
192
98
216
194
98
223
201
105
92
116
162
78
102
148
81
106
150
109
134
178
105
130
174
98
123
167
114
139
181
97
122
164
99
124
166
102
127
168
82
108
148
94
120
160
92
118
158
86
111
151
71
93
134
70
92
133
76
98
139
91
113
154
96
119
160
81
106
146
73
98
139
85
109
151
95
120
162
85
110
152
77
103
145
84
112
153
92
120
161
105
129
171
119
139
182
112
131
174
101
119
162
79
96
139
101
118
161
141
158
201
130
147
190
84
103
146
58
81
123
70
94
136
80
107
148
63
92
133
40
72
113
42
66
108
60
84
127
84
107
152
85
110
154
87
112
156
92
117
161
94
120
166
91
117
163
89
116
162
81
110
156
79
107
154
91
119
166
110
138
185
116
143
190
108
131
179
119
143
193
123
151
198
90
121
166
113
140
179
190
214
241
220
238
255
228
240
254
230
239
250
218
227
241
201
212
231
190
205
231
195
212
244
212
221
253
207
212
244
198
202
231
201
205
228
201
203
221
192
192
206
186
183
193
192
187
192
191
182
183
198
186
186
197
181
181
201
182
181
210
189
188
195
174
173
208
190
173
220
204
183
199
182
157
156
139
110
179
160
129
228
206
178
227
200
175
209
179
154
202
171
143
196
164
130
191
160
117
192
162
107
193
167
100
197
168
96
208
173
100
208
173
100
201
168
95
209
176
103
206
173
100
191
160
85
203
172
97
207
177
101
197
169
92
199
171
94
208
180
102
210
183
103
205
178
98
212
180
98
209
176
91
215
183
88
224
194
91
216
186
77
216
184
74
219
185
78
232
196
96
228
191
96
220
184
93
212
178
87
210
177
83
218
189
91
233
204
105
219
184
94
209
174
83
223
189
95
222
189
93
223
191
92
232
201
98
218
186
82
212
180
75
215
183
78
224
192
87
230
196
93
219
184
81
223
187
87
232
198
94
228
196
88
221
193
79
217
192
72
228
204
82
234
209
88
222
195
81
203
174
70
196
164
69
205
170
84
225
191
108
233
199
116
229
196
111
229
197
109
228
189
105
226
186
103
222
185
101
221
185
104
221
189
109
220
191
114
217
192
118
220
198
127
231
211
147
231
213
154
213
196
143
193
177
129
184
168
124
183
167
128
158
142
125
94
78
61
72
56
39
65
49
32
55
39
22
39
23
6
42
25
8
44
26
9
62
44
27
68
49
34
70
51
36
62
43
28
34
15
0
84
64
47
176
154
136
219
197
179
214
192
174
220
198
180
213
191
173
201
179
161
205
183
165
210
188
170
216
194
176
217
195
177
216
194
176
216
194
176
219
197
179
229
207
183
223
201
175
222
201
172
225
204
170
223
202
160
220
199
151
224
203
149
230
205
145
230
204
139
223
197
129
225
197
127
226
197
126
221
192
119
228
198
126
232
198
132
223
190
124
227
197
133
227
199
137
221
196
134
221
197
137
223
198
138
226
199
138
227
199
136
227
196
130
226
191
123
228
188
118
230
189
117
231
198
115
232
205
115
229
202
112
229
201
107
231
203
107
229
201
102
221
193
91
222
194
90
226
197
93
247
216
113
235
204
101
211
178
77
218
184
84
227
193
93
219
192
87
210
184
78
220
193
89
223
195
92
224
193
93
227
196
97
214
182
85
227
194
97
240
206
112
220
186
92
227
192
98
236
200
106
234
198
104
236
198
106
235
192
108
235
194
109
230
191
104
221
185
97
215
184
93
218
189
98
220
192
100
214
189
95
217
193
98
225
201
105
92
116
162
78
102
148
81
106
150
109
134
178
105
130
174
98
123
167
114
139
181
97
122
164
99
124
166
102
127
168
82
108
148
94
120
160
92
118
158
86
111
151
71
93
134
70
92
133
76
98
139
91
113
154
96
119
160
81
106
146
73
98
139
85
109
151
95
120
162
85
110
152
77
103
145
84
112
153
92
120
161
105
129
171
119
139
182
112
131
174
101
119
162
79
96
139
101
118
161
141
158
201
130
147
190
84
103
146
58
81
123
70
94
136
80
107
148
63
92
133
40
72
113
42
66
108
60
84
127
84
107
152
85
110
154
87
112
156
92
117
161
94
120
166
91
117
163
89
116
162
81
110
156
79
107
154
91
119
166
110
138
185
116
143
190
108
131
179
119
143
193
123
151
198
90
121
166
113
140
179
190
214
241
220
238
255
228
240
254
230
239
250
218
227
241
201
212
231
190
205
231
195
212
244
212
221
253
207
212
244
198
202
231
201
205
228
201
203
221
192
192
206
186
183
193
192
187
192
191
182
183
198
186
186
197
181
181
201
182
181
210
189
188
195
174
173
208
190
173
220
204
183
199
182
157
156
139
110
179
160
129
228
206
178
227
200
175
209
179
154
202
171
143
196
164
130
191
160
117
192
162
107
193
167
100
197
168
96
208
173
100
208
173
100
201
168
95
209
176
103
206
173
100
191
160
85
203
172
97
207
177
101
197
169
92
199
171
94
208
180
102
210
183
103
205
178
98
212
180
98
209
176
91
215
183
88
224
194
91
216
186
77
216
184
74
219
185
78
232
196
96
228
191
96
220
184
93
212
178
87
210
177
83
218
189
91
233
204
105
219
184
94
209
174
83
223
189
95
222
189
93
223
191
92
232
201
98
218
186
82
212
180
75
215
183
78
224
192
87
230
196
93
219
184
81
223
187
87
232
198
94
228
196
88
221
193
79
217
192
72
228
204
82
234
209
88
222
195
81
203
174
70
196
164
69
205
170
84
225
191
108
233
199
116
229
196
111
229
197
109
228
189
105
226
186
103
222
185
101
221
185
104
221
189
109
220
191
114
217
192
118
220
198
127
231
211
147
231
213
154
213
196
143
193
177
129
184
168
124
183
167
128
158
142
125
94
78
61
72
56
39
65
49
32
55
39
22
39
23
6
42
25
8
44
26
9
62
44
27
68
49
34
70
51
36
62
43
28
34
15
0
84
64
47
176
154
136
219
197
179
214
192
174
220
198
180
213
191
173
201
179
161
205
183
165
210
188
170
216
194
176
217
195
177
216
194
176
216
194
176
219
197
179
229
207
183
223
201
175
222
201
172
225
204
170
223
202
160
220
199
151
224
203
149
230
205
145
230
204
139
223
197
129
225
197
127
226
197
126
221
192
119
228
198
126
232
198
132
223
190
124
227
197
133
227
199
137
221
196
134
221
197
137
223
198
138
226
199
138
227
199
136
227
196
130
226
191
123
228
188
118
230
189
117
231
198
115
232
205
115
229
202
112
229
201
107
231
203
107
229
201
102
221
193
91
222
194
90
226
197
93
247
216
113
235
204
101
211
178
77
218
184
84
227
193
93
219
192
87
210
184
78
220
193
89
223
195
92
224
193
93
227
196
97
214
182
85
227
194
97
240
206
112
220
186
92
227
192
98
236
200
106
234
198
104
236
198
106
235
192
108
235
194
109
230
191
104
221
185
97
215
184
93
218
189
98
220
192
100
214
189
95
217
193
98
225
201
105
99
124
168
97
122
166
92
117
161
109
134
178
111
136
180
100
125
168
90
115
157
48
73
115
51
77
117
70
96
136
83
109
149
110
136
176
94
120
160
87
113
150
82
105
143
74
97
135
71
94
132
75
97
138
72
95
136
80
105
145
89
114
155
99
123
165
104
129
171
84
109
151
77
103
147
92
120
163
100
128
171
102
125
168
103
125
167
94
116
158
93
112
155
86
104
147
105
122
165
128
145
188
99
116
159
79
99
142
62
84
127
64
88
130
69
96
137
58
86
127
46
76
117
59
82
124
70
92
136
93
116
160
90
114
158
95
118
163
92
117
161
94
118
164
85
110
156
97
124
170
95
122
168
81
109
156
77
105
153
91
119
166
96
123
170
88
112
160
92
119
168
100
130
179
80
111
156
95
124
163
189
213
239
222
241
255
226
240
253
225
234
247
212
222
235
197
210
229
191
208
234
198
217
248
217
226
254
212
217
247
202
206
235
203
207
231
203
204
224
194
194
208
186
184
193
192
186
192
190
180
183
195
182
184
194
178
178
198
179
178
205
185
183
197
176
175
210
193
175
218
201
181
200
183
158
159
141
113
188
168
138
232
210
182
222
196
170
205
175
150
200
168
141
190
158
124
188
157
113
195
165
111
192
166
99
191
162
91
206
171
98
214
179
106
207
175
100
206
174
99
200
168
93
193
163
86
204
173
96
203
173
94
191
163
83
197
170
89
210
184
100
211
185
101
200
174
91
204
172
88
208
175
89
224
192
96
232
203
99
216
187
77
215
184
74
225
192
84
236
200
100
233
195
100
226
190
99
216
182
90
210
178
83
220
190
92
239
210
110
224
189
98
214
180
87
223
189
94
221
188
90
223
191
91
232
199
96
218
186
81
212
180
73
222
190
83
224
192
85
219
186
80
216
184
79
223
190
86
224
193
87
217
188
79
214
187
73
213
188
69
227
203
81
233
209
88
222
196
82
202
173
69
197
166
71
210
177
91
229
195
112
231
197
114
227
193
109
228
196
110
234
196
113
232
192
109
226
188
107
225
190
110
224
193
115
223
194
119
218
192
121
217
195
129
209
189
132
198
180
128
197
180
135
219
203
164
245
234
199
239
236
209
162
147
131
66
51
35
52
37
21
70
55
39
80
65
49
69
53
37
67
51
35
75
59
43
79
61
46
76
57
42
70
51
36
42
23
9
52
34
21
142
122
105
211
189
171
222
200
182
207
185
167
216
194
176
214
192
174
210
188
170
208
186
168
209
187
169
212
190
172
214
192
174
214
192
174
215
193
175
217
195
177
222
201
179
217
195
170
221
200
172
227
206
173
219
197
157
214
192
146
225
203
152
228
206
147
232
207
143
223
197
130
222
194
126
223
194
124
223
194
122
233
203
132
236
205
137
227
196
130
222
193
129
222
196
134
212
188
128
209
185
127
219
195
136
226
201
141
230
202
140
231
200
135
229
195
127
228
188
118
227
186
113
233
197
115
238
208
117
237
206
113
232
203
108
233
203
106
231
201
101
222
192
90
220
189
86
227
197
94
251
220
118
241
209
108
217
183
84
221
186
88
225
190
93
214
187
82
209
183
77
219
192
89
224
195
94
225
195
95
229
197
100
222
190
93
224
190
96
234
200
106
219
185
91
225
190
94
246
211
114
234
199
102
231
194
100
236
193
106
233
192
104
230
191
103
227
192
102
226
192
102
221
190
98
216
186
93
212
184
90
217
189
94
225
197
102
100
125
169
99
124
168
93
118
162
110
135
179
112
137
181
101
126
168
88
113
155
43
68
110
46
72
112
67
93
133
83
109
149
111
137
177
94
121
160
87
113
150
83
106
144
74
97
135
70
93
131
74
96
137
70
92
133
80
105
145
91
115
156
100
124
166
105
130
172
84
109
151
78
103
147
94
121
165
101
128
172
102
125
168
101
123
165
92
114
156
93
112
155
87
105
148
106
123
166
127
144
187
96
113
156
79
99
141
62
85
127
64
88
130
68
95
136
57
85
126
47
77
118
61
83
125
71
94
137
94
117
162
91
114
159
96
119
164
92
117
161
94
118
164
85
110
156
99
125
171
97
123
170
81
109
156
76
104
151
89
117
164
94
120
168
86
110
158
89
116
165
98
127
177
79
110
155
93
123
162
189
213
239
223
241
255
225
240
254
224
234
247
212
221
235
196
210
229
192
209
234
198
218
249
217
226
255
212
217
248
203
207
235
204
207
231
203
205
224
194
194
209
186
184
194
192
187
192
190
180
183
195
182
183
194
178
178
198
179
178
205
184
183
198
177
176
211
193
175
218
202
181
200
183
158
159
142
113
189
169
139
233
211
183
222
196
170
205
174
149
200
168
141
189
157
123
188
157
113
196
166
111
192
166
99
191
161
90
206
171
98
214
179
106
208
176
101
206
174
99
199
168
92
193
163
86
204
174
96
203
173
94
190
163
82
197
170
88
210
184
100
211
185
101
200
174
90
203
171
87
208
175
89
225
193
97
233
204
100
216
187
77
216
184
74
226
193
85
237
201
100
234
196
101
227
191
99
216
182
91
210
178
84
220
190
92
240
211
111
224
190
99
214
180
87
223
190
94
221
188
90
223
191
91
232
200
96
219
187
81
212
180
73
223
191
84
224
192
85
218
186
79
216
184
79
223
191
86
223
192
86
216
187
78
214
186
73
213
188
68
227
203
81
234
210
89
222
197
82
202
173
69
197
166
71
211
178
92
229
195
112
231
197
114
226
192
109
227
196
110
235
197
113
233
193
110
227
189
108
226
190
111
225
194
116
224
194
119
218
192
122
217
195
130
207
187
131
194
176
126
195
178
134
222
206
168
252
241
207
246
243
217
163
148
132
64
49
33
50
35
19
70
55
39
83
68
52
72
56
40
70
54
38
79
63
47
81
63
48
77
58
43
70
51
36
40
21
7
55
36
24
149
128
112
215
193
175
223
201
183
207
185
167
216
194
176
215
193
175
211
189
171
209
187
169
209
187
169
212
190
172
214
192
174
214
192
174
215
193
175
217
195
177
221
200
179
216
194
169
221
200
172
228
206
173
218
196
157
214
192
145
225
203
152
228
206
147
232
207
144
223
197
130
222
194
126
222
194
124
224
194
123
233
203
133
237
206
138
228
197
131
221
193
128
222
196
134
212
188
128
208
184
126
219
195
136
227
202
142
230
203
140
232
201
136
230
195
127
228
188
118
227
186
113
233
198
115
239
208
117
237
206
114
233
203
108
233
204
105
231
200
101
222
192
90
219
189
86
228
197
94
252
221
118
242
209
109
218
184
85
221
186
88
225
190
93
213
186
81
209
182
77
219
192
89
225
196
95
226
195
96
229
198
100
223
191
94
223
189
95
233
199
105
219
185
91
225
190
94
247
212
115
234
199
102
231
194
99
236
193
106
233
191
104
230
191
103
228
193
103
227
193
103
221
190
99
216
186
93
212
184
90
217
189
94
225
197
102
102
128
172
101
126
170
97
122
166
115
140
184
113
138
182
95
120
162
79
104
146
45
70
111
56
82
122
75
101
142
80
106
146
99
125
164
90
116
155
90
115
153
75
98
136
63
86
124
69
92
131
85
107
147
77
100
140
84
109
149
92
116
158
90
114
156
90
115
157
80
105
148
80
106
150
91
118
162
99
126
170
98
122
165
93
115
158
84
106
149
91
110
154
93
112
156
108
125
170
119
135
179
87
104
148
82
100
144
67
88
132
63
86
130
66
92
134
59
86
128
55
83
126
67
89
131
72
94
137
91
113
158
85
107
152
92
115
160
91
115
160
95
118
165
85
110
156
100
125
171
101
127
173
89
116
163
85
112
159
93
120
167
97
123
171
94
119
166
90
117
166
95
125
174
82
114
159
94
124
163
185
210
238
220
239
255
226
240
254
224
235
248
213
223
237
199
212
232
194
212
237
199
219
250
217
226
255
213
218
249
204
208
236
204
208
231
203
205
225
195
195
210
186
184
194
191
185
191
190
180
183
195
182
184
197
181
181
201
181
181
206
185
184
202
181
179
213
195
177
218
201
181
201
184
159
161
143
114
191
171
141
232
210
182
220
193
168
205
175
150
201
169
142
189
157
124
187
156
112
197
167
112
194
168
101
192
163
92
207
172
99
215
180
106
207
175
99
204
172
96
197
166
89
192
162
84
202
173
93
202
173
92
190
164
81
196
170
87
210
184
99
211
186
100
200
175
89
203
171
86
211
178
91
224
193
96
226
197
93
213
183
74
218
186
76
228
194
87
233
197
96
231
193
99
227
191
100
219
185
94
212
180
85
219
190
91
236
209
106
230
195
104
220
185
92
226
192
96
222
188
90
223
191
90
231
198
94
219
187
80
217
185
77
228
197
89
223
191
83
211
180
72
216
185
78
222
190
84
218
187
80
215
186
77
217
190
76
217
192
72
226
202
80
232
208
87
225
200
85
208
180
76
202
172
77
212
178
93
226
191
109
228
194
111
226
193
109
229
198
113
242
205
121
240
200
117
231
193
112
228
192
113
226
193
117
223
193
120
217
191
122
217
195
133
215
195
142
202
183
136
191
174
133
206
190
156
234
221
191
234
227
203
145
131
116
57
43
27
51
36
21
68
54
38
80
64
50
74
58
43
72
55
41
78
62
47
74
56
42
73
55
41
65
46
31
39
20
10
88
69
55
169
149
133
213
192
174
221
199
181
209
188
170
216
195
177
213
192
174
212
190
172
210
188
170
208
187
169
211
189
172
213
192
174
214
192
175
215
194
176
216
195
177
219
198
177
213
191
167
218
197
170
227
206
173
222
200
161
216
194
148
221
199
148
223
200
142
228
203
141
220
194
128
219
192
124
222
193
124
224
194
124
235
204
134
238
207
139
229
199
132
221
193
128
224
199
136
215
191
131
208
184
126
219
195
137
227
202
143
230
203
140
232
201
136
230
195
127
228
188
118
227
186
113
232
196
112
238
205
113
236
204
111
232
201
105
232
202
103
230
199
99
222
191
89
219
188
85
228
196
93
250
218
117
239
205
106
215
181
82
219
184
87
223
187
91
214
187
82
210
184
79
219
191
89
224
195
94
226
195
96
229
198
101
227
194
98
225
191
97
230
196
102
220
186
91
227
193
96
249
216
118
233
198
100
231
194
99
237
194
106
233
192
104
231
192
103
231
194
105
230
196
104
224
193
101
217
187
93
211
182
88
217
188
93
224
195
100
106
131
175
103
128
172
103
128
172
123
148
192
115
140
183
86
111
153
66
91
133
49
75
115
73
99
139
90
116
156
76
102
142
79
106
144
83
110
147
94
120
157
63
86
124
45
68
106
69
92
130
103
126
164
89
111
152
90
115
155
94
119
160
74
98
140
66
91
133
76
101
144
85
111
155
88
115
159
94
121
165
92
117
161
80
103
148
71
94
139
89
109
154
104
123
168
113
130
176
106
122
168
74
90
136
87
103
149
74
93
138
62
84
129
63
87
132
62
87
131
67
94
138
75
97
139
73
94
137
87
108
153
76
97
142
87
109
154
89
112
157
96
119
165
86
110
156
102
126
172
107
132
179
102
128
175
98
124
171
98
124
171
103
129
176
107
133
180
91
119
168
90
121
170
87
120
166
95
125
165
180
206
236
216
235
255
226
240
254
224
237
249
214
227
239
203
217
237
199
217
242
202
223
252
217
226
255
213
218
251
205
209
237
205
208
232
205
206
226
196
196
211
186
184
194
189
182
189
190
180
183
196
183
185
201
185
186
205
186
185
208
188
187
208
187
186
216
198
181
217
200
180
203
186
161
163
145
117
194
174
143
231
209
181
216
190
164
206
176
151
204
172
145
190
158
124
186
155
111
199
169
114
197
172
105
195
166
94
209
174
100
215
180
106
205
173
97
200
168
92
193
162
83
191
161
81
201
172
90
201
173
89
191
166
80
195
171
84
209
185
97
211
187
98
201
177
87
202
171
85
216
184
95
223
192
95
216
187
81
207
178
68
222
190
80
230
195
90
227
191
91
227
189
96
228
192
101
224
190
98
216
184
88
218
189
89
232
205
101
240
203
111
230
193
101
230
195
99
224
189
90
224
190
88
228
196
91
219
188
80
224
193
84
237
206
97
221
190
81
202
171
62
217
186
77
221
189
82
210
180
72
214
185
76
223
196
82
223
198
78
225
201
79
230
207
86
230
205
90
218
191
87
211
181
88
213
179
95
221
186
106
223
189
108
225
194
110
233
202
117
251
216
134
251
211
129
237
199
120
231
195
117
226
193
119
222
192
121
216
188
124
218
196
138
229
208
159
213
195
152
185
168
132
181
166
137
206
191
167
215
201
180
118
105
91
47
34
20
52
39
25
64
51
37
75
59
46
77
61
48
74
58
45
77
60
47
62
45
32
67
50
37
56
37
23
38
19
15
139
120
105
202
182
166
210
190
172
218
198
180
213
193
175
216
196
178
211
191
173
214
194
176
211
191
173
208
188
170
209
189
171
212
192
174
214
194
176
215
195
177
215
195
177
216
195
174
208
187
165
215
193
167
226
206
174
227
207
169
220
198
153
215
192
143
215
192
135
222
197
136
216
191
126
216
189
123
221
193
124
225
196
127
237
206
137
240
210
141
231
203
135
220
193
128
228
203
141
222
198
137
207
185
127
219
197
139
229
204
144
231
204
141
233
202
137
230
195
127
228
189
117
228
187
113
231
195
109
236
202
108
234
200
106
231
198
101
231
199
100
229
197
97
222
191
89
220
187
84
228
195
92
248
214
114
233
198
101
211
176
79
217
181
86
219
183
89
215
187
84
213
186
82
219
191
90
224
195
95
227
195
97
230
198
103
233
201
106
229
195
101
225
191
97
221
188
92
232
198
100
252
221
123
231
198
98
231
195
98
237
195
106
234
193
104
233
193
104
235
197
107
234
200
107
230
197
104
219
188
95
211
181
86
216
186
91
222
192
97
106
131
175
103
128
172
103
128
172
123
148
192
115
140
183
86
111
153
66
91
133
49
75
115
73
99
139
90
116
156
76
102
142
79
106
144
83
110
147
94
120
157
63
86
124
45
68
106
69
92
130
103
126
164
89
111
152
90
115
155
94
119
160
74
98
140
66
91
133
76
101
144
85
111
155
88
115
159
94
121
165
92
117
161
80
103
148
71
94
139
89
109
154
104
123
168
113
130
176
106
122
168
74
90
136
87
103
149
74
93
138
62
84
129
63
87
132
62
87
131
67
94
138
75
97
139
73
94
137
87
108
153
76
97
142
87
109
154
89
112
157
96
119
165
86
110
156
102
126
172
107
132
179
102
128
175
98
124
171
98
124
171
103
129
176
107
133
180
91
119
168
90
121
170
87
120
166
95
125
165
180
206
236
216
235
255
226
240
254
224
237
249
214
227
239
203
217
237
199
217
242
202
223
252
217
226
255
213
218
251
205
209
237
205
208
232
205
206
226
196
196
211
186
184
194
189
182
189
190
180
183
196
183
185
201
185
186
205
186
185
208
188
187
208
187
186
216
198
181
217
200
180
203
186
161
163
145
117
194
174
143
231
209
181
216
190
164
206
176
151
204
172
145
190
158
124
186
155
111
199
169
114
197
172
105
195
166
94
209
174
100
215
180
106
205
173
97
200
168
92
193
162
83
191
161
81
201
172
90
201
173
89
191
166
80
195
171
84
209
185
97
211
187
98
201
177
87
202
171
85
216
184
95
223
192
95
216
187
81
207
178
68
222
190
80
230
195
90
227
191
91
227
189
96
228
192
101
224
190
98
216
184
88
218
189
89
232
205
101
240
203
111
230
193
101
230
195
99
224
189
90
224
190
88
228
196
91
219
188
80
224
193
84
237
206
97
221
190
81
202
171
62
217
186
77
221
189
82
210
180
72
214
185
76
223
196
82
223
198
78
225
201
79
230
207
86
230
205
90
218
191
87
211
181
88
213
179
95
221
186
106
223
189
108
225
194
110
233
202
117
251
216
134
251
211
129
237
199
120
231
195
117
226
193
119
222
192
121
216
188
124
218
196
138
229
208
159
213
195
152
185
168
132
181
166
137
206
191
167
215
201
180
118
105
91
47
34
20
52
39
25
64
51
37
75
59
46
77
61
48
74
58
45
77
60
47
62
45
32
67
50
37
56
37
23
38
19
15
139
120
105
202
182
166
210
190
172
218
198
180
213
193
175
216
196
178
211
191
173
214
194
176
211
191
173
208
188
170
209
189
171
212
192
174
214
194
176
215
195
177
215
195
177
216
195
174
208
187
165
215
193
167
226
206
174
227
207
169
220
198
153
215
192
143
215
192
135
222
197
136
216
191
126
216
189
123
221
193
124
225
196
127
237
206
137
240
210
141
231
203
135
220
193
128
228
203
141
222
198
137
207
185
127
219
197
139
229
204
144
231
204
141
233
202
137
230
195
127
228
189
117
228
187
113
231
195
109
236
202
108
234
200
106
231
198
101
231
199
100
229
197
97
222
191
89
220
187
84
228
195
92
248
214
114
233
198
101
211
176
79
217
181
86
219
183
89
215
187
84
213
186
82
219
191
90
224
195
95
227
195
97
230
198
103
233
201
106
229
195
101
225
191
97
221
188
92
232
198
100
252
221
123
231
198
98
231
195
98
237
195
106
234
193
104
233
193
104
235
197
107
234
200
107
230
197
104
219
188
95
211
181
86
216
186
91
222
192
97
101
125
169
90
115
159
97
122
165
123
148
190
111
136
178
95
120
162
106
131
173
92
118
158
93
119
159
96
123
161
87
114
151
80
107
144
53
80
117
65
91
127
65
89
125
69
93
130
94
117
155
114
137
175
104
127
166
105
130
170
96
121
162
68
93
135
64
89
132
88
113
157
99
124
168
89
115
161
92
118
163
95
122
166
86
111
155
82
107
151
93
115
160
112
132
177
122
140
185
112
128
174
94
109
156
86
103
149
55
74
119
55
75
120
72
95
140
62
85
130
50
75
119
64
84
127
66
85
129
82
102
147
74
94
139
87
108
153
89
110
155
96
117
164
89
112
158
88
112
158
91
114
161
101
125
172
116
139
187
119
142
190
113
137
184
103
130
177
86
116
164
92
124
173
91
125
171
74
106
145
163
191
222
211
233
254
221
238
253
225
239
251
218
231
246
209
226
244
203
222
247
199
221
252
212
221
254
210
215
248
203
207
236
203
206
232
205
206
227
197
197
213
187
184
195
184
177
184
190
180
183
199
185
187
208
192
193
210
190
191
207
185
187
211
190
189
213
196
178
209
192
172
202
186
161
162
144
116
192
172
142
224
202
174
214
188
162
213
182
157
211
180
153
194
162
129
184
153
109
194
164
109
198
172
105
200
171
99
214
180
104
214
180
104
198
166
90
197
166
87
195
166
84
190
162
78
196
168
83
201
174
87
199
174
85
199
175
85
205
182
91
209
187
94
205
183
88
206
176
88
214
182
92
219
188
90
218
189
83
210
181
71
220
188
78
226
191
86
223
187
86
220
182
89
223
187
94
223
190
96
215
183
87
211
183
82
219
191
88
245
208
116
237
201
106
230
195
98
223
189
89
222
189
86
224
192
85
221
190
81
228
198
87
237
207
95
228
198
87
208
178
67
217
187
77
221
190
80
210
180
71
215
187
77
224
197
83
223
199
79
224
201
79
230
207
86
230
204
90
225
197
94
216
185
92
207
173
89
210
177
97
219
186
106
228
195
113
235
204
119
247
209
127
242
202
120
228
189
111
222
185
110
220
187
114
220
190
122
216
190
128
204
180
127
211
191
147
224
205
171
231
215
188
209
193
173
142
126
111
73
58
45
54
42
31
33
21
11
60
47
34
57
43
31
57
43
30
61
46
34
56
40
28
59
43
30
58
41
28
64
47
34
49
30
16
80
61
48
183
164
150
217
198
182
212
192
174
212
192
174
212
192
174
212
192
174
205
185
167
205
185
167
208
188
170
207
187
169
206
186
168
209
189
171
213
193
175
215
195
177
214
194
176
220
198
180
222
201
179
222
199
176
222
201
172
228
207
171
226
205
161
216
193
145
206
183
128
217
193
134
215
189
126
216
188
123
222
193
126
224
195
128
232
203
135
237
209
139
229
201
133
220
194
128
234
210
147
234
210
149
215
194
135
221
198
140
225
200
141
226
199
136
226
195
130
225
190
122
226
187
115
228
188
114
229
190
104
231
194
98
232
195
98
230
194
96
232
196
96
232
198
95
228
194
91
217
183
80
222
188
88
242
208
109
228
193
97
210
174
80
217
181
88
214
177
86
218
189
89
218
190
89
220
191
91
225
194
96
228
196
100
232
200
105
244
211
118
242
208
114
226
192
97
229
196
99
244
210
111
254
225
123
231
198
96
235
200
99
236
195
103
235
195
103
233
195
104
233
196
104
233
199
105
233
201
106
222
190
95
208
177
82
216
184
89
220
188
93
100
125
169
88
113
157
96
121
164
123
148
190
110
135
177
96
121
163
112
137
179
98
124
164
96
122
162
97
124
162
88
115
152
80
107
144
49
76
113
61
87
123
66
90
126
73
97
133
97
121
158
116
139
177
106
129
168
107
132
172
97
121
162
68
92
134
64
88
132
90
115
159
101
126
170
89
115
161
91
117
163
96
123
167
87
112
156
84
109
153
94
116
161
113
133
178
124
141
187
113
129
175
96
112
158
86
103
149
52
71
116
54
74
119
74
96
141
62
85
130
48
73
117
63
82
125
65
84
128
82
101
146
74
93
138
87
108
153
89
110
155
96
117
164
89
112
158
87
110
156
89
112
159
101
124
172
118
141
189
122
145
193
114
138
186
103
130
177
85
116
164
92
125
174
92
126
172
72
103
143
161
189
221
210
232
254
221
238
253
225
239
251
219
232
247
210
227
246
203
223
248
199
221
252
211
221
254
210
215
248
203
207
235
203
206
232
205
206
227
198
198
213
187
184
196
183
176
184
190
180
183
199
186
187
209
193
194
210
191
192
207
185
187
212
191
190
213
196
178
208
191
171
203
186
161
162
144
116
192
172
141
223
201
173
214
188
162
214
184
159
213
181
154
195
163
129
184
153
109
194
164
109
198
172
105
201
172
100
215
181
105
214
180
104
197
165
89
196
165
86
196
166
85
190
162
78
195
168
82
201
174
87
200
176
86
200
176
86
205
182
90
209
186
93
206
184
89
207
177
89
214
182
92
219
188
89
218
189
84
211
181
72
220
188
78
225
190
85
222
186
86
219
181
88
222
186
94
223
190
96
215
183
87
210
182
81
217
190
86
246
209
117
238
202
107
231
196
98
223
189
89
222
190
85
223
192
84
221
191
81
229
199
88
237
207
95
229
199
87
209
179
68
218
188
77
221
190
80
210
180
71
216
187
78
225
197
83
223
199
79
224
201
79
230
207
86
230
205
90
226
198
95
216
186
93
207
173
88
209
176
96
218
185
106
228
196
114
235
204
120
247
208
126
241
201
119
227
188
110
221
183
109
220
186
114
220
189
123
217
190
129
202
178
126
209
189
146
226
207
174
238
221
195
212
196
178
134
118
104
54
39
27
45
33
23
32
20
10
61
48
36
56
42
30
55
41
29
59
45
33
54
38
26
57
40
27
57
40
27
64
47
34
48
29
16
85
66
53
189
170
157
219
200
184
212
192
174
211
191
173
212
192
174
211
191
173
204
184
166
204
184
166
208
188
170
207
187
169
206
186
168
209
189
171
213
193
175
215
195
177
214
194
176
221
199
181
224
203
182
223
200
177
222
201
172
228
207
172
227
206
162
216
193
146
205
181
127
217
193
133
215
189
126
216
188
123
222
193
127
224
195
128
231
203
135
237
209
138
229
201
133
221
194
128
234
211
148
235
211
151
217
195
137
221
198
140
225
199
140
226
198
136
225
194
129
224
189
121
226
187
115
228
188
114
229
190
104
231
193
97
232
195
97
230
193
95
232
196
95
233
198
95
229
194
91
216
183
80
222
188
87
242
207
109
228
192
96
210
173
80
218
181
89
214
177
86
218
189
89
219
191
90
220
192
91
225
194
96
228
196
100
233
201
106
246
213
120
244
210
116
226
192
97
230
198
100
245
212
112
255
225
123
231
199
96
235
201
99
236
195
103
235
195
103
233
196
104
233
196
104
233
199
105
234
202
107
223
191
96
208
177
82
216
184
89
220
188
93
100
125
169
82
107
150
88
113
155
120
145
187
110
135
177
96
121
163
111
137
178
99
125
165
94
121
160
100
127
165
101
128
165
89
116
153
37
64
101
44
69
106
65
89
125
84
108
144
99
123
160
97
121
158
90
113
152
92
116
157
88
113
154
76
100
142
78
102
146
99
124
168
104
129
174
93
119
165
93
119
165
93
120
165
88
115
158
95
120
164
99
123
167
114
135
180
123
141
186
114
130
176
96
112
158
80
96
142
44
62
108
54
74
119
83
104
149
70
92
137
53
76
121
64
82
125
71
89
133
90
108
153
82
101
146
92
112
157
91
111
156
92
112
159
85
107
153
86
109
155
85
108
155
89
112
160
100
123
171
108
131
179
102
126
174
86
114
161
71
102
150
86
119
168
93
127
173
66
98
137
154
183
214
208
231
253
219
237
251
224
238
251
219
233
247
211
228
247
204
224
250
197
220
250
209
218
251
208
213
246
202
205
235
202
205
231
204
206
227
198
198
213
187
183
195
182
175
183
189
179
183
199
186
187
210
194
195
210
190
191
202
181
183
209
188
188
213
195
177
205
189
168
205
188
163
164
146
118
191
171
141
222
200
172
216
190
165
217
186
161
214
182
155
196
164
131
184
153
109
191
161
106
195
169
102
201
172
99
218
184
108
215
181
104
195
163
86
196
166
86
200
170
88
192
164
79
193
166
79
201
174
86
205
181
90
203
179
87
204
182
88
208
186
91
206
185
88
209
179
90
210
179
88
220
189
90
229
200
95
218
189
79
219
187
77
225
190
85
227
191
91
222
184
90
222
186
94
222
189
95
214
182
85
209
181
80
217
190
86
244
207
114
237
202
106
229
194
97
222
188
88
222
189
85
223
192
84
223
192
82
227
197
85
233
203
91
232
203
90
213
184
72
216
187
75
221
192
80
213
184
74
216
187
77
220
194
79
219
195
76
225
202
80
231
208
87
227
201
87
222
194
91
213
183
90
204
170
86
208
175
95
220
187
107
229
196
115
233
202
118
244
206
123
240
199
118
227
188
110
220
183
108
218
185
114
219
189
124
218
191
133
213
189
139
206
185
145
196
177
146
180
163
140
148
132
116
97
80
70
51
37
27
47
35
25
39
27
17
62
50
38
54
41
30
56
42
31
61
47
35
58
43
30
61
45
32
66
49
36
62
45
32
50
32
19
114
95
82
195
175
162
219
199
184
213
193
175
206
186
168
206
186
169
209
189
171
205
185
167
203
183
165
207
187
169
206
186
168
204
184
166
207
187
169
213
192
174
214
194
176
212
192
174
224
202
185
231
210
189
227
205
182
220
199
170
224
203
168
227
205
163
220
197
150
207
183
129
219
194
135
216
190
128
217
189
125
223
194
128
223
194
128
228
199
132
232
205
134
224
197
129
218
193
126
231
208
145
233
210
149
216
195
137
218
195
137
222
197
138
222
195
132
222
190
125
221
186
118
224
186
113
228
187
113
230
190
102
232
193
95
233
195
96
231
193
94
233
196
95
235
198
96
231
195
92
215
180
77
219
185
85
241
206
108
229
193
98
214
177
85
221
184
93
213
176
87
218
188
89
220
192
91
220
192
92
226
195
98
229
197
102
233
201
107
249
216
123
246
213
119
226
192
97
230
198
100
245
212
112
251
220
117
229
197
92
233
199
96
234
194
102
235
195
103
233
196
103
231
195
102
231
197
103
232
200
104
221
189
93
206
175
79
215
183
87
219
187
91
101
126
170
71
96
139
74
99
141
114
139
181
110
135
177
95
120
162
110
136
176
102
128
168
92
118
158
105
132
170
124
151
188
105
132
169
18
44
81
16
40
76
65
89
125
103
127
163
103
127
163
66
89
127
63
86
125
66
91
131
75
99
140
91
115
157
102
127
170
114
139
183
109
134
180
100
126
172
96
122
168
88
116
161
92
119
163
113
140
184
110
134
179
116
138
183
121
141
186
115
132
178
96
112
158
70
86
132
30
47
93
55
74
119
98
119
164
84
105
150
62
83
128
67
84
127
82
99
143
104
120
166
96
114
160
100
119
164
94
113
158
85
105
152
79
99
146
86
107
154
80
102
150
69
91
139
70
92
140
83
106
154
81
106
154
58
87
134
48
79
127
77
109
158
96
130
176
55
89
128
143
172
203
205
229
251
216
235
249
223
238
250
218
234
248
213
230
249
204
225
253
194
217
248
204
214
248
206
210
244
201
204
234
200
203
230
204
205
226
198
198
213
186
183
195
180
174
181
189
179
184
199
186
188
212
196
197
208
188
190
196
174
176
205
183
185
212
195
177
202
185
164
209
192
167
167
150
121
191
171
140
220
198
170
221
194
169
221
190
165
217
185
158
199
167
133
184
153
109
186
156
101
190
164
97
201
172
99
222
188
112
216
183
105
192
161
82
197
167
86
207
177
94
196
169
82
189
163
74
201
175
85
212
189
97
208
186
91
204
182
86
206
185
87
207
186
87
214
184
93
205
174
83
223
191
93
248
219
113
231
201
91
218
186
76
225
191
86
237
201
100
226
188
94
222
186
94
221
188
94
213
182
84
208
181
78
218
192
86
241
205
111
237
202
106
227
193
94
222
188
86
222
190
83
223
192
83
225
195
83
225
195
82
227
198
84
237
210
95
221
194
79
213
186
72
222
195
81
219
191
79
216
188
77
213
187
72
213
189
69
226
203
81
233
210
89
221
197
82
216
188
85
209
179
86
200
167
83
206
173
94
222
189
110
231
198
118
231
198
116
240
201
119
237
196
117
226
187
110
218
182
107
216
183
113
218
188
126
222
193
138
232
208
162
201
178
142
147
128
100
84
67
48
42
25
14
35
19
12
46
32
28
50
39
29
51
39
29
66
54
44
52
40
30
59
44
35
66
52
40
65
51
39
68
52
40
80
63
51
60
43
30
55
38
25
163
144
131
205
186
173
218
198
183
215
195
177
197
177
159
198
178
160
206
186
168
206
186
168
202
182
164
205
185
167
205
185
167
201
181
163
205
185
167
212
192
174
213
193
175
210
190
172
229
207
191
243
222
203
235
213
191
218
196
169
218
197
163
227
205
165
227
204
159
210
185
133
222
196
139
219
192
131
220
192
129
225
196
131
222
192
127
224
194
128
225
198
127
218
192
123
215
190
124
226
203
140
229
208
147
217
195
137
214
191
133
218
192
133
217
190
127
216
185
119
216
182
112
222
184
110
228
187
111
231
190
101
233
192
93
236
195
96
234
194
92
236
196
94
237
199
97
235
197
95
212
177
74
216
180
80
240
203
106
230
194
100
220
183
92
227
189
101
213
175
87
217
188
88
222
193
94
221
192
93
227
197
100
231
198
104
235
202
109
253
222
129
249
217
124
226
192
97
231
199
101
246
213
112
244
212
108
226
194
87
229
196
92
232
194
101
235
197
103
233
196
102
228
194
100
227
193
99
230
198
101
218
186
89
204
172
75
214
182
85
219
187
90
101
126
170
71
96
139
74
99
141
114
139
181
110
135
177
95
120
162
110
136
176
102
128
168
92
118
158
105
132
170
124
151
188
105
132
169
18
44
81
16
40
76
65
89
125
103
127
163
103
127
163
66
89
127
63
86
125
66
91
131
75
99
140
91
115
157
102
127
170
114
139
183
109
134
180
100
126
172
96
122
168
88
116
161
92
119
163
113
140
184
110
134
179
116
138
183
121
141
186
115
132
178
96
112
158
70
86
132
30
47
93
55
74
119
98
119
164
84
105
150
62
83
128
67
84
127
82
99
143
104
120
166
96
114
160
100
119
164
94
113
158
85
105
152
79
99
146
86
107
154
80
102
150
69
91
139
70
92
140
83
106
154
81
106
154
58
87
134
48
79
127
77
109
158
96
130
176
55
89
128
143
172
203
205
229
251
216
235
249
223
238
250
218
234
248
213
230
249
204
225
253
194
217
248
204
214
248
206
210
244
201
204
234
200
203
230
204
205
226
198
198
213
186
183
195
180
174
181
189
179
184
199
186
188
212
196
197
208
188
190
196
174
176
205
183
185
212
195
177
202
185
164
209
192
167
167
150
121
191
171
140
220
198
170
221
194
169
221
190
165
217
185
158
199
167
133
184
153
109
186
156
101
190
164
97
201
172
99
222
188
112
216
183
105
192
161
82
197
167
86
207
177
94
196
169
82
189
163
74
201
175
85
212
189
97
208
186
91
204
182
86
206
185
87
207
186
87
214
184
93
205
174
83
223
191
93
248
219
113
231
201
91
218
186
76
225
191
86
237
201
100
226
188
94
222
186
94
221
188
94
213
182
84
208
181
78
218
192
86
241
205
111
237
202
106
227
193
94
222
188
86
222
190
83
223
192
83
225
195
83
225
195
82
227
198
84
237
210
95
221
194
79
213
186
72
222
195
81
219
191
79
216
188
77
213
187
72
213
189
69
226
203
81
233
210
89
221
197
82
216
188
85
209
179
86
200
167
83
206
173
94
222
189
110
231
198
118
231
198
116
240
201
119
237
196
117
226
187
110
218
182
107
216
183
113
218
188
126
222
193
138
232
208
162
201
178
142
147
128
100
84
67
48
42
25
14
35
19
12
46
32
28
50
39
29
51
39
29
66
54
44
52
40
30
59
44
35
66
52
40
65
51
39
68
52
40
80
63
51
60
43
30
55
38
25
163
144
131
205
186
173
218
198
183
215
195
177
197
177
159
198
178
160
206
186
168
206
186
168
202
182
164
205
185
167
205
185
167
201
181
163
205
185
167
212
192
174
213
193
175
210
190
172
229
207
191
243
222
203
235
213
191
218
196
169
218
197
163
227
205
165
227
204
159
210
185
133
222
196
139
219
192
131
220
192
129
225
196
131
222
192
127
224
194
128
225
198
127
218
192
123
215
190
124
226
203
140
229
208
147
217
195
137
214
191
133
218
192
133
217
190
127
216
185
119
216
182
112
222
184
110
228
187
111
231
190
101
233
192
93
236
195
96
234
194
92
236
196
94
237
199
97
235
197
95
212
177
74
216
180
80
240
203
106
230
194
100
220
183
92
227
189
101
213
175
87
217
188
88
222
193
94
221
192
93
227
197
100
231
198
104
235
202
109
253
222
129
249
217
124
226
192
97
231
199
101
246
213
112
244
212
108
226
194
87
229
196
92
232
194
101
235
197
103
233
196
102
228
194
100
227
193
99
230
198
101
218
186
89
204
172
75
214
182
85
219
187
90
106
131
173
75
100
142
64
89
131
100
125
167
112
137
179
93
119
159
86
112
152
105
131
171
118
145
183
133
160
197
126
153
190
86
113
150
12
39
76
33
58
95
77
101
137
107
131
167
124
148
184
100
123
161
99
123
161
78
103
143
69
94
135
92
116
158
100
125
168
103
129
172
102
126
172
98
124
171
93
118
165
79
109
153
83
112
156
111
138
182
106
131
175
113
135
180
117
137
182
109
126
171
83
99
145
63
79
125
34
50
96
72
90
135
120
140
184
107
126
172
92
113
158
82
98
141
97
114
158
107
123
169
93
109
155
89
106
152
84
103
148
78
96
143
79
98
145
88
108
155
75
96
144
46
68
116
35
57
105
54
76
124
67
93
140
68
98
146
67
99
148
82
117
165
106
141
187
70
105
144
129
158
190
195
220
241
216
235
250
220
236
248
216
232
246
211
230
249
205
226
253
193
218
249
203
213
247
205
210
243
200
203
233
199
202
229
203
204
226
198
197
214
185
182
193
178
172
179
188
178
183
197
183
187
211
195
196
205
185
186
188
166
168
200
178
180
215
197
179
200
184
163
216
200
174
173
155
127
188
168
138
216
194
166
225
199
173
220
190
165
212
181
154
200
168
134
188
157
114
185
155
100
186
160
93
196
168
94
221
188
109
218
185
106
191
160
80
200
170
87
216
187
102
201
174
88
184
158
68
198
173
80
220
197
103
217
195
98
207
186
87
204
184
84
204
184
83
215
186
94
203
172
82
220
189
90
249
220
114
234
204
94
222
190
80
231
196
91
241
204
106
231
193
99
227
192
99
224
191
97
213
182
84
210
183
80
224
198
92
238
202
107
237
202
105
226
192
93
222
189
86
223
191
85
223
193
82
228
198
84
229
200
85
231
203
88
230
203
88
202
175
60
208
181
66
226
199
84
221
194
81
216
189
78
212
187
72
211
187
67
225
202
80
233
210
89
222
198
84
213
185
82
206
175
83
199
166
83
209
176
97
224
191
112
230
197
118
227
195
113
242
202
122
244
203
124
235
197
120
225
189
116
218
185
118
219
189
127
221
193
140
210
185
142
150
128
96
93
72
49
50
31
18
30
12
7
37
21
20
59
43
44
65
54
45
57
46
38
57
45
37
48
35
26
57
44
35
66
51
42
67
52
41
62
46
34
64
47
36
43
25
13
76
59
46
197
178
165
216
197
184
211
191
176
203
183
165
195
175
157
200
180
162
206
186
168
210
190
172
207
187
169
208
188
170
205
185
167
199
179
161
204
184
166
212
192
174
214
194
175
210
190
172
221
200
185
231
209
192
227
205
184
218
196
169
218
196
164
225
203
164
228
205
159
215
192
141
226
200
145
221
194
135
222
193
132
227
198
135
223
193
129
221
191
126
222
197
124
217
192
121
216
192
125
216
194
129
217
197
135
214
192
134
210
187
129
214
189
130
214
187
124
214
183
117
214
180
110
220
182
108
227
186
111
233
191
101
239
195
95
239
197
97
237
195
94
237
197
93
238
199
96
236
198
95
215
176
76
216
178
79
234
196
100
225
188
95
221
183
94
231
193
106
215
176
91
217
187
89
225
196
97
224
195
98
230
199
104
231
198
105
230
197
104
253
220
127
250
217
123
228
195
100
227
195
97
237
204
102
228
196
90
223
192
83
220
187
82
236
198
104
236
199
105
235
199
105
230
196
100
226
193
96
223
191
94
210
179
81
201
169
72
213
181
84
218
186
89
107
132
174
76
101
143
63
88
130
98
123
165
112
137
179
93
119
159
83
109
149
106
132
172
123
149
188
137
164
201
127
154
191
83
110
147
12
39
76
35
61
98
79
103
139
108
132
168
127
151
187
106
129
167
105
128
167
80
105
145
69
93
134
92
116
158
100
125
168
102
127
171
101
125
171
98
124
170
92
118
164
78
108
152
81
111
155
111
138
182
106
130
174
112
135
180
117
137
182
108
125
171
81
97
143
62
78
124
35
51
97
75
92
138
124
143
188
111
130
175
97
118
163
84
101
144
100
116
160
108
124
170
93
109
155
88
104
150
83
101
146
77
95
142
79
98
145
89
109
156
75
95
143
43
65
113
29
51
99
49
71
119
65
91
138
69
100
149
70
103
152
83
118
166
107
143
189
72
107
146
126
156
188
193
218
240
216
236
250
220
236
248
215
232
245
211
230
249
205
226
254
193
218
249
203
213
247
205
210
243
200
203
233
199
202
229
203
204
226
198
197
214
185
182
193
178
172
179
188
177
183
197
183
186
211
195
196
204
184
186
187
165
167
200
178
180
215
197
180
200
184
163
217
201
176
174
156
128
187
168
137
215
193
165
226
199
174
220
190
165
212
181
153
200
168
135
189
158
115
185
155
100
185
159
92
196
167
93
221
188
109
219
186
107
191
160
80
201
171
88
218
189
104
202
175
89
183
158
68
198
173
79
221
199
104
218
196
100
207
187
87
204
184
83
203
183
82
215
186
94
203
172
81
220
189
90
249
220
115
234
205
95
223
191
81
232
197
92
242
205
106
232
194
101
228
193
100
225
192
98
214
182
84
211
183
80
225
199
93
237
202
107
237
202
105
226
192
93
222
189
86
224
192
85
223
193
82
228
198
85
230
201
86
231
203
88
228
201
86
199
172
57
207
180
65
227
200
85
221
194
82
216
189
79
212
187
72
211
187
67
225
202
80
233
210
89
222
199
84
212
185
82
205
175
82
198
166
83
209
176
97
225
192
113
230
197
118
227
194
112
242
203
123
245
204
125
237
198
121
226
190
118
219
186
119
219
189
128
221
193
141
206
181
139
142
120
88
84
63
41
45
25
13
28
10
6
37
21
22
61
45
46
67
56
48
58
47
39
56
44
36
47
35
25
57
45
35
66
51
42
67
52
42
61
45
33
62
45
33
40
22
11
80
63
50
203
184
171
218
199
186
210
191
175
201
181
163
194
174
156
201
181
163
206
186
168
210
190
172
208
188
170
208
188
170
205
185
167
199
179
161
204
184
166
212
192
174
214
194
176
210
190
172
220
199
184
230
207
191
226
204
184
218
196
169
219
197
164
225
203
164
228
205
160
216
193
142
227
201
146
222
194
136
222
194
133
227
199
136
223
193
130
221
191
126
222
197
123
217
192
121
217
193
125
215
192
127
216
195
134
214
192
134
209
186
128
214
189
130
214
187
124
214
183
117
214
180
110
220
182
108
227
186
110
234
191
101
240
196
95
240
198
97
237
195
94
237
197
94
238
199
95
236
198
95
215
177
77
217
178
80
233
195
100
224
187
94
221
183
94
232
193
107
215
176
91
217
187
89
226
197
98
225
195
98
231
200
105
231
198
105
230
197
104
253
220
127
251
217
123
229
195
100
227
195
96
235
203
101
226
193
87
223
192
83
219
186
80
236
198
104
236
200
106
235
199
105
230
197
100
226
193
96
222
190
93
209
177
80
201
169
72
213
181
84
219
186
89
107
132
173
83
108
150
65
91
133
93
118
160
111
136
178
101
127
167
92
118
158
112
138
178
113
139
178
118
145
182
113
140
177
82
109
146
19
46
84
45
71
108
82
106
142
103
127
163
123
147
183
96
119
157
97
121
159
89
114
154
80
105
146
91
115
157
93
118
162
98
123
167
103
128
174
102
128
174
96
122
168
83
113
157
79
110
153
100
128
172
94
119
163
108
130
175
118
138
183
110
127
173
79
95
141
58
74
120
31
47
93
73
90
136
122
140
185
105
123
169
89
109
154
85
101
144
97
113
157
98
114
160
79
95
141
75
91
137
77
94
140
76
94
141
88
106
153
84
103
151
65
85
133
43
64
112
40
61
109
59
81
129
68
93
141
72
103
152
84
117
166
86
121
170
106
142
188
80
114
154
126
157
188
192
218
239
217
237
251
220
236
248
214
231
244
210
229
249
205
227
254
194
219
250
203
213
247
206
211
244
200
203
233
199
202
228
203
204
226
198
197
213
184
181
193
178
171
179
188
177
182
196
182
186
210
194
196
204
183
185
186
164
166
200
178
180
215
197
180
199
183
162
218
201
176
173
156
127
184
164
133
211
189
161
224
198
172
218
188
163
209
178
151
200
168
134
192
161
117
187
157
102
185
159
92
194
166
92
219
186
107
219
186
107
190
160
79
201
171
88
219
191
106
203
176
89
182
156
66
197
172
78
222
200
105
220
198
101
209
188
88
204
184
82
201
182
80
213
184
92
204
173
81
216
184
86
238
209
104
228
199
89
224
192
82
233
198
93
237
200
102
230
192
98
229
193
101
225
193
98
213
181
84
210
182
79
225
198
92
238
203
107
239
204
106
227
193
94
223
190
87
224
192
85
223
193
82
228
198
85
234
205
89
237
210
93
222
195
79
185
158
42
206
179
63
228
201
86
219
192
79
217
190
79
216
191
76
214
190
71
224
201
79
232
209
88
225
202
87
215
188
85
207
176
84
200
168
85
210
177
98
224
191
112
230
197
118
227
194
112
239
200
120
243
202
123
237
198
122
226
191
118
219
186
119
219
188
128
220
193
141
189
164
122
127
104
73
79
58
37
54
35
23
42
24
21
44
28
29
58
42
44
61
50
42
55
44
36
56
44
36
51
39
30
59
47
37
63
48
39
66
51
41
65
49
37
59
42
31
43
26
14
95
78
65
199
180
167
215
196
183
203
184
168
196
176
158
199
179
161
208
188
169
207
187
169
209
189
171
207
187
169
209
189
171
206
186
168
200
180
162
205
185
167
213
193
175
215
195
177
211
191
173
214
193
178
218
195
179
217
195
176
218
196
170
222
200
168
225
203
164
224
202
157
217
194
143
227
201
146
221
194
135
222
193
133
228
200
136
224
193
130
221
192
126
225
200
127
221
196
125
221
197
129
214
191
126
214
193
132
215
193
135
210
187
129
214
189
130
214
187
124
215
183
118
215
181
111
220
183
108
227
187
110
235
192
101
241
197
96
241
199
97
238
196
94
237
196
93
237
198
94
235
196
93
217
178
78
217
178
80
230
192
96
219
181
89
218
180
91
231
193
106
215
176
92
217
187
90
227
198
99
226
197
100
232
201
106
231
198
105
227
194
102
250
217
124
251
217
124
232
198
103
227
195
96
233
201
98
223
191
84
224
193
84
217
184
79
238
200
106
238
201
106
237
201
106
232
198
102
226
194
97
220
188
91
207
176
78
200
169
71
213
182
84
218
185
88
106
131
173
96
121
163
71
96
138
83
108
150
110
135
177
115
141
181
109
135
175
124
150
190
96
122
161
82
109
146
89
116
153
79
106
143
34
61
98
63
89
126
87
111
147
94
118
154
115
139
175
79
102
140
83
107
145
107
132
172
101
126
167
90
114
156
81
106
150
92
117
161
109
133
179
108
134
180
102
128
174
92
122
166
76
108
151
82
111
155
74
99
144
101
123
168
120
140
185
114
131
177
75
91
137
51
66
112
25
40
86
71
87
133
118
135
181
93
112
157
75
94
139
86
102
145
93
108
152
80
96
142
55
71
117
52
68
114
66
82
128
75
93
140
103
121
168
76
95
142
48
68
116
42
62
110
59
79
127
77
99
147
73
98
146
78
109
157
111
143
192
92
128
176
104
140
186
93
128
169
126
157
188
190
216
237
219
239
254
220
237
249
213
229
242
209
229
248
205
228
255
196
222
252
204
215
249
206
211
244
200
203
234
199
202
229
203
204
226
198
197
214
183
180
192
177
171
178
187
176
182
195
181
184
209
193
195
203
183
184
185
163
165
202
180
182
215
198
180
198
181
160
219
203
178
172
155
126
178
158
127
204
182
154
222
196
170
216
185
160
205
173
146
200
168
134
197
166
123
191
161
106
186
160
93
192
163
90
216
183
104
220
187
107
190
160
79
202
172
88
223
195
109
205
178
90
179
154
63
195
170
77
224
202
106
224
203
104
211
191
90
204
184
82
198
179
76
209
180
88
206
175
82
208
177
78
219
190
84
217
188
78
226
194
85
235
201
96
228
192
93
226
188
95
231
195
102
227
194
100
212
180
83
208
180
77
225
199
91
240
205
108
241
206
109
229
194
95
224
192
88
225
193
86
223
193
81
229
199
85
241
213
96
248
221
103
210
184
66
160
134
16
203
177
59
230
203
88
214
187
74
218
191
80
224
199
84
220
196
77
223
200
78
230
207
86
232
208
93
221
193
90
211
180
89
204
172
89
210
177
99
223
189
112
230
197
117
227
195
113
235
196
116
240
198
121
237
198
123
228
191
120
219
185
120
218
187
129
220
192
141
157
132
92
98
76
46
69
49
30
71
53
42
69
51
50
57
40
44
52
37
42
51
40
32
50
39
31
56
45
37
59
46
38
63
51
41
57
42
33
64
49
40
73
56
46
55
37
26
51
33
22
124
107
94
192
173
160
211
192
179
191
172
156
186
166
148
207
187
169
220
200
182
209
189
171
206
186
168
205
185
167
210
190
172
207
187
169
201
181
163
206
186
168
215
195
177
217
197
179
212
192
174
204
183
168
197
174
158
202
180
161
219
197
172
229
207
175
225
203
163
219
196
151
219
196
145
228
202
147
220
193
134
222
193
132
229
201
137
225
195
132
223
193
128
232
207
134
228
203
132
228
204
137
213
190
125
212
191
129
217
197
139
211
189
131
215
189
130
216
188
126
216
185
119
216
182
112
222
184
109
228
188
109
237
193
102
244
200
99
244
201
98
240
197
94
235
194
91
236
195
92
233
194
91
220
181
81
219
180
81
223
185
90
210
172
81
212
175
85
230
191
105
215
176
92
218
188
90
230
201
103
229
199
102
234
203
109
231
198
105
223
189
98
245
212
119
252
218
125
238
204
109
228
195
97
229
197
94
218
186
79
226
195
86
214
182
75
243
205
110
241
205
108
240
205
108
236
203
106
227
195
98
217
185
88
204
173
75
200
169
70
213
182
83
217
184
87
106
131
173
96
121
163
71
96
138
83
108
150
110
135
177
115
141
181
109
135
175
124
150
190
96
122
161
82
109
146
89
116
153
79
106
143
34
61
98
63
89
126
87
111
147
94
118
154
115
139
175
79
102
140
83
107
145
107
132
172
101
126
167
90
114
156
81
106
150
92
117
161
109
133
179
108
134
180
102
128
174
92
122
166
76
108
151
82
111
155
74
99
144
101
123
168
120
140
185
114
131
177
75
91
137
51
66
112
25
40
86
71
87
133
118
135
181
93
112
157
75
94
139
86
102
145
93
108
152
80
96
142
55
71
117
52
68
114
66
82
128
75
93
140
103
121
168
76
95
142
48
68
116
42
62
110
59
79
127
77
99
147
73
98
146
78
109
157
111
143
192
92
128
176
104
140
186
93
128
169
126
157
188
190
216
237
219
239
254
220
237
249
213
229
242
209
229
248
205
228
255
196
222
252
204
215
249
206
211
244
200
203
234
199
202
229
203
204
226
198
197
214
183
180
192
177
171
178
187
176
182
195
181
184
209
193
195
203
183
184
185
163
165
202
180
182
215
198
180
198
181
160
219
203
178
172
155
126
178
158
127
204
182
154
222
196
170
216
185
160
205
173
146
200
168
134
197
166
123
191
161
106
186
160
93
192
163
90
216
183
104
220
187
107
190
160
79
202
172
88
223
195
109
205
178
90
179
154
63
195
170
77
224
202
106
224
203
104
211
191
90
204
184
82
198
179
76
209
180
88
206
175
82
208
177
78
219
190
84
217
188
78
226
194
85
235
201
96
228
192
93
226
188
95
231
195
102
227
194
100
212
180
83
208
180
77
225
199
91
240
205
108
241
206
109
229
194
95
224
192
88
225
193
86
223
193
81
229
199
85
241
213
96
248
221
103
210
184
66
160
134
16
203
177
59
230
203
88
214
187
74
218
191
80
224
199
84
220
196
77
223
200
78
230
207
86
232
208
93
221
193
90
211
180
89
204
172
89
210
177
99
223
189
112
230
197
117
227
195
113
235
196
116
240
198
121
237
198
123
228
191
120
219
185
120
218
187
129
220
192
141
157
132
92
98
76
46
69
49
30
71
53
42
69
51
50
57
40
44
52
37
42
51
40
32
50
39
31
56
45
37
59
46
38
63
51
41
57
42
33
64
49
40
73
56
46
55
37
26
51
33
22
124
107
94
192
173
160
211
192
179
191
172
156
186
166
148
207
187
169
220
200
182
209
189
171
206
186
168
205
185
167
210
190
172
207
187
169
201
181
163
206
186
168
215
195
177
217
197
179
212
192
174
204
183
168
197
174
158
202
180
161
219
197
172
229
207
175
225
203
163
219
196
151
219
196
145
228
202
147
220
193
134
222
193
132
229
201
137
225
195
132
223
193
128
232
207
134
228
203
132
228
204
137
213
190
125
212
191
129
217
197
139
211
189
131
215
189
130
216
188
126
216
185
119
216
182
112
222
184
109
228
188
109
237
193
102
244
200
99
244
201
98
240
197
94
235
194
91
236
195
92
233
194
91
220
181
81
219
180
81
223
185
90
210
172
81
212
175
85
230
191
105
215
176
92
218
188
90
230
201
103
229
199
102
234
203
109
231
198
105
223
189
98
245
212
119
252
218
125
238
204
109
228
195
97
229
197
94
218
186
79
226
195
86
214
182
75
243
205
110
241
205
108
240
205
108
236
203
106
227
195
98
217
185
88
204
173
75
200
169
70
213
182
83
217
184
87
75
98
139
83
106
147
104
126
167
118
141
182
120
142
183
116
139
180
107
129
170
97
119
160
82
105
146
80
103
143
95
118
158
77
100
141
47
70
110
73
95
136
95
117
160
77
100
144
67
90
134
63
86
130
90
112
157
98
122
166
100
125
168
93
118
161
85
112
156
90
117
161
98
125
169
105
132
177
101
128
172
91
112
160
90
110
159
96
115
163
102
122
168
95
115
159
110
130
173
98
118
158
69
91
130
44
66
105
18
40
80
69
90
132
110
131
174
90
111
154
67
88
133
78
101
138
45
68
105
42
65
101
35
59
95
41
64
100
46
70
106
70
93
131
66
89
128
40
61
104
46
67
111
75
95
142
72
91
142
52
70
122
50
71
123
85
107
161
137
160
212
125
150
200
94
119
166
119
145
188
151
176
214
178
201
235
197
218
247
214
232
253
221
237
253
218
232
252
215
227
247
214
225
245
211
221
245
208
215
241
200
207
231
199
204
227
203
205
225
199
199
216
189
186
199
183
176
184
190
181
182
197
187
183
210
198
189
206
193
180
180
165
149
195
180
162
211
184
174
195
171
157
207
188
168
164
149
126
154
144
117
191
181
154
204
193
168
200
186
161
195
176
148
196
173
138
206
178
132
199
169
111
196
164
94
202
169
97
212
177
105
215
181
108
185
152
78
191
159
84
225
194
117
202
173
93
179
151
66
200
175
85
221
199
104
230
210
110
226
210
104
201
186
77
200
185
74
207
185
89
193
168
76
196
169
77
216
188
95
220
190
95
219
187
92
230
196
101
226
192
98
225
192
97
226
194
99
219
189
95
207
179
82
202
176
78
210
185
86
238
198
105
241
201
108
233
193
100
233
193
100
231
192
97
227
188
92
236
197
100
244
207
108
209
171
71
166
129
27
172
136
32
219
183
77
229
194
88
225
194
87
222
196
87
217
191
83
217
193
85
217
192
86
214
189
85
218
192
92
217
191
95
212
184
93
206
179
90
208
181
95
216
188
104
220
191
109
220
190
109
227
191
108
246
208
128
230
198
124
227
198
132
230
206
150
231
213
166
156
142
105
80
68
39
58
49
26
51
43
24
56
47
32
56
47
34
53
43
31
52
43
32
49
43
35
51
45
35
52
45
35
51
42
33
53
43
31
59
46
34
64
50
38
72
57
44
55
39
24
52
34
19
113
93
77
194
174
158
211
188
173
199
178
162
190
171
155
192
174
157
202
183
166
206
186
169
206
186
168
206
186
168
211
190
172
207
185
168
200
179
159
202
181
160
207
185
165
210
187
167
213
189
170
210
191
170
204
183
162
202
180
160
217
193
172
236
210
188
242
215
191
238
209
181
218
189
156
207
178
137
217
188
139
225
196
139
227
199
135
229
203
133
221
195
124
220
199
133
212
191
127
212
190
130
214
190
134
214
189
137
216
189
138
218
189
138
223
190
136
220
185
124
218
181
113
230
192
115
231
193
108
229
189
100
232
187
98
235
187
97
237
190
98
241
195
101
244
199
101
242
198
98
239
197
95
219
179
76
211
172
71
209
174
76
204
171
76
214
182
91
232
202
113
228
199
112
227
193
106
227
194
104
230
197
107
231
200
110
226
197
104
223
194
100
229
201
106
236
207
110
229
198
100
227
196
96
230
197
95
225
191
87
217
183
78
217
180
77
236
198
100
239
201
102
241
203
104
247
209
109
239
204
102
227
193
90
221
187
83
209
176
70
204
171
64
203
172
65
70
92
133
81
103
144
110
132
173
125
147
188
122
144
185
116
138
179
107
129
170
92
114
155
80
102
143
80
102
143
96
118
159
77
99
140
49
71
112
74
96
138
96
118
163
74
97
142
58
81
126
61
84
129
91
114
159
97
121
165
100
125
169
93
118
162
87
113
157
90
117
161
97
124
168
105
132
176
101
128
172
90
111
159
93
110
161
99
116
165
108
126
172
94
113
158
109
128
170
95
116
155
69
91
129
43
66
104
17
40
79
69
91
132
109
131
173
89
111
153
66
87
132
77
101
137
37
61
97
35
59
94
32
57
91
39
64
98
43
68
102
69
93
129
60
83
121
33
55
97
45
66
110
81
101
148
75
94
145
47
65
118
47
66
119
86
107
162
142
163
216
132
154
205
92
115
163
124
149
191
156
180
219
176
198
235
193
214
246
213
232
254
223
238
255
220
232
253
217
227
246
217
225
244
213
222
245
208
216
241
200
208
231
199
204
227
203
205
225
200
200
217
191
188
201
184
178
185
190
182
182
198
188
183
210
199
188
207
196
179
179
165
147
193
180
159
211
182
173
195
170
156
205
185
166
162
149
126
150
142
115
188
181
154
200
192
168
197
186
161
193
177
148
196
174
139
207
180
134
201
171
112
198
165
95
204
170
98
212
176
106
214
180
108
184
151
78
189
157
83
225
194
118
202
172
93
179
151
67
201
176
87
221
198
104
231
211
111
229
213
107
201
186
77
200
186
74
207
186
90
191
167
75
194
168
76
216
188
97
220
190
98
218
186
93
229
196
103
225
192
99
224
192
97
225
194
99
218
189
94
206
179
82
201
176
78
208
183
85
238
197
105
241
200
108
234
193
101
235
194
102
232
191
99
228
187
94
237
197
103
245
206
110
202
162
65
158
119
20
175
137
35
222
185
81
229
192
88
227
196
90
223
197
89
216
190
83
217
193
87
216
191
87
211
186
85
215
189
92
217
191
96
212
185
94
206
180
90
208
181
95
215
187
102
219
191
108
219
190
109
226
191
107
247
210
130
229
198
124
227
200
135
232
210
155
234
218
174
144
133
98
66
57
30
50
44
22
48
42
24
53
46
30
54
47
32
52
43
29
52
44
31
49
44
35
51
46
36
51
45
34
50
42
32
51
42
29
59
47
35
64
50
38
72
57
44
55
39
24
52
34
19
111
91
74
195
174
157
211
188
172
200
179
164
191
172
156
190
172
155
199
181
164
206
186
169
206
186
169
206
186
169
211
190
172
207
185
167
200
179
158
201
180
159
206
183
163
209
185
165
213
189
169
211
193
170
205
184
162
203
181
160
217
192
172
237
211
191
245
217
196
242
212
187
218
189
158
203
174
135
216
187
140
225
197
140
227
199
135
230
204
133
221
195
123
218
198
133
210
189
126
210
187
129
214
190
136
214
189
139
216
188
138
220
189
139
225
191
137
221
184
124
219
180
112
232
193
116
233
194
108
229
189
98
232
186
97
233
185
97
236
188
98
242
195
103
245
200
103
243
199
99
240
198
96
219
179
76
209
171
69
206
173
73
204
171
75
214
184
92
232
204
115
230
203
116
229
195
109
227
193
104
230
197
108
231
200
110
225
197
104
223
195
101
227
199
104
233
205
107
227
198
98
227
196
96
230
198
96
226
192
89
216
181
77
217
180
77
235
196
98
239
200
101
242
203
104
249
211
109
241
206
103
229
194
90
224
190
84
211
177
70
203
169
61
201
170
61
77
99
140
84
106
147
103
124
166
109
131
172
110
132
173
112
134
175
105
127
168
95
118
158
84
106
147
84
106
147
95
117
158
70
92
133
51
73
114
77
99
141
89
111
156
79
102
147
72
95
140
75
97
142
96
119
164
98
122
166
100
125
169
95
120
164
88
114
158
81
108
152
85
112
156
99
126
170
98
125
169
94
114
163
98
115
166
100
117
166
104
123
169
89
108
152
99
118
160
85
106
144
62
84
122
42
65
103
18
41
80
68
90
131
106
128
170
88
110
152
65
86
131
64
88
124
32
56
92
32
57
91
31
57
90
40
65
99
47
72
106
70
94
130
60
83
121
41
64
105
60
81
125
94
114
162
86
105
156
59
77
130
59
78
132
85
106
161
120
142
195
110
133
183
71
94
142
116
141
184
153
178
216
173
196
232
192
213
245
211
230
254
222
237
255
220
232
253
217
227
247
217
226
244
214
223
246
210
218
242
202
210
233
201
206
228
204
206
226
200
200
217
192
188
201
184
177
185
188
180
181
196
186
182
210
199
188
208
196
180
178
165
146
192
179
157
214
186
176
189
164
151
202
182
164
166
153
130
150
141
115
185
178
151
203
195
171
197
186
161
191
174
145
193
170
135
206
179
133
204
173
114
197
164
94
202
168
95
210
175
103
214
180
107
184
152
78
190
157
83
225
193
117
202
173
94
178
150
66
199
174
85
220
197
103
231
211
111
230
213
107
203
188
78
203
189
78
210
189
92
193
168
76
194
167
76
214
186
95
218
188
96
216
183
90
225
192
99
224
191
98
223
191
96
223
192
97
217
188
93
207
179
83
203
177
79
209
184
86
234
193
102
235
195
103
227
187
95
228
188
96
226
186
94
226
186
93
236
197
103
231
192
97
182
143
48
155
117
20
186
148
47
223
186
84
228
191
87
228
197
92
223
197
89
215
189
83
216
191
86
215
188
87
209
182
83
211
184
88
216
190
96
211
184
94
202
175
87
206
178
93
216
187
104
220
191
110
218
189
109
224
188
106
244
207
128
224
193
120
223
197
132
232
211
157
231
215
171
132
121
86
56
47
20
46
39
18
48
42
24
56
49
33
55
49
34
52
43
29
50
42
29
49
44
34
51
46
35
52
46
35
51
43
33
52
43
31
61
48
36
67
53
40
74
59
45
54
38
23
54
35
20
115
95
78
199
179
162
209
186
170
197
176
160
190
171
156
187
169
152
195
177
159
203
183
166
203
183
166
203
183
165
208
187
169
208
186
168
202
180
160
201
180
159
205
183
162
207
183
164
211
187
167
214
195
173
207
186
165
204
182
161
216
192
172
235
209
189
241
213
192
236
206
181
219
189
159
208
179
140
220
192
144
224
196
139
221
194
130
226
201
130
220
194
123
216
196
132
209
188
126
210
188
130
215
191
138
216
190
140
216
188
138
219
188
139
223
189
136
219
183
123
220
181
113
236
197
119
236
196
111
228
188
97
228
183
94
231
183
96
234
187
97
238
191
99
243
198
100
244
199
100
242
200
98
223
183
80
215
177
75
211
177
77
204
172
76
214
184
92
233
204
116
228
201
114
229
196
108
227
193
104
229
195
106
231
200
110
227
198
106
224
196
102
226
198
103
232
205
107
227
198
98
226
195
95
228
195
94
225
190
87
216
181
77
215
178
75
230
191
92
235
196
98
240
201
102
248
210
108
241
206
103
230
195
91
225
191
85
211
177
70
201
168
59
198
167
57
91
113
154
92
114
155
88
110
151
78
100
141
87
109
150
104
126
167
101
123
164
102
124
165
92
114
155
94
116
157
93
115
156
56
78
119
54
76
117
82
103
146
74
95
140
90
113
158
100
123
168
103
126
171
107
130
175
100
124
169
101
126
170
99
124
168
91
116
160
64
91
135
62
89
133
88
115
159
94
121
165
101
121
170
109
126
177
103
120
169
98
116
163
79
98
142
79
99
141
65
85
124
50
71
109
40
63
101
22
44
83
65
87
128
100
122
164
86
108
150
65
86
131
39
63
99
22
46
82
27
52
87
31
56
90
42
67
101
57
82
116
74
98
134
61
85
121
58
80
120
90
112
156
121
141
189
110
129
180
85
103
156
83
102
156
83
103
158
79
100
153
67
90
140
29
52
100
101
126
169
149
173
212
169
192
227
190
211
244
208
227
254
220
236
255
220
233
253
218
229
248
219
227
245
216
225
248
214
221
246
206
214
237
205
210
232
206
208
229
202
201
219
194
190
203
184
177
185
183
175
177
193
183
179
211
200
189
209
197
181
177
163
145
190
176
155
222
193
184
179
154
140
198
178
159
175
161
138
150
141
114
179
172
145
209
201
176
198
186
162
186
169
140
187
162
127
205
178
130
210
178
119
197
164
93
198
165
90
208
173
100
215
180
106
187
154
79
191
159
84
224
192
116
204
174
94
177
149
65
197
171
82
218
195
101
230
209
109
231
212
108
208
191
83
210
196
84
218
195
99
198
173
81
193
166
75
210
182
91
213
183
92
210
178
85
217
184
91
221
188
95
219
187
92
220
189
94
216
187
92
209
181
86
206
181
83
211
186
88
226
187
95
223
184
92
215
176
84
216
177
85
215
176
84
222
183
91
235
197
104
203
165
71
142
104
14
151
113
18
209
173
73
226
190
90
224
189
86
231
200
95
223
197
91
214
187
83
216
188
87
213
184
86
205
177
80
203
175
81
217
187
96
210
181
94
195
166
81
202
172
89
218
188
108
224
193
114
217
187
109
220
184
105
236
200
124
215
183
112
216
190
128
234
212
160
224
208
166
109
97
64
37
28
1
37
30
10
49
42
26
61
54
39
60
53
38
51
42
28
46
38
24
48
43
32
52
46
35
53
47
36
54
46
35
56
47
34
64
52
40
72
59
45
78
64
49
53
38
22
57
38
23
123
103
86
209
189
172
204
183
166
190
169
154
188
169
154
182
164
147
187
169
152
196
177
160
198
178
161
196
176
159
201
181
163
210
188
170
205
183
165
200
179
158
204
182
162
204
180
160
208
184
164
221
200
178
213
192
170
206
184
164
216
191
171
231
205
185
234
205
185
224
194
170
221
191
161
218
188
150
229
200
153
222
194
137
212
184
120
219
193
123
218
192
122
214
194
130
209
188
127
212
190
132
218
194
141
219
192
142
216
189
139
219
188
138
221
186
133
217
181
121
222
183
115
242
204
127
241
201
116
226
185
95
222
177
89
228
180
92
233
185
95
231
184
92
237
192
95
245
201
101
247
205
102
232
192
88
228
190
87
220
186
86
206
174
78
216
186
94
234
206
117
224
196
109
231
197
108
226
192
103
226
193
103
231
200
109
231
202
109
228
200
105
226
198
103
232
205
107
229
199
99
225
194
93
224
191
89
223
189
85
218
181
77
212
175
72
218
179
80
228
189
90
236
197
98
246
208
107
241
206
102
232
198
93
227
193
86
212
178
70
199
166
57
193
162
51
91
113
154
92
114
155
88
110
151
78
100
141
87
109
150
104
126
167
101
123
164
102
124
165
92
114
155
94
116
157
93
115
156
56
78
119
54
76
117
82
103
146
74
95
140
90
113
158
100
123
168
103
126
171
107
130
175
100
124
169
101
126
170
99
124
168
91
116
160
64
91
135
62
89
133
88
115
159
94
121
165
101
121
170
109
126
177
103
120
169
98
116
163
79
98
142
79
99
141
65
85
124
50
71
109
40
63
101
22
44
83
65
87
128
100
122
164
86
108
150
65
86
131
39
63
99
22
46
82
27
52
87
31
56
90
42
67
101
57
82
116
74
98
134
61
85
121
58
80
120
90
112
156
121
141
189
110
129
180
85
103
156
83
102
156
83
103
158
79
100
153
67
90
140
29
52
100
101
126
169
149
173
212
169
192
227
190
211
244
208
227
254
220
236
255
220
233
253
218
229
248
219
227
245
216
225
248
214
221
246
206
214
237
205
210
232
206
208
229
202
201
219
194
190
203
184
177
185
183
175
177
193
183
179
211
200
189
209
197
181
177
163
145
190
176
155
222
193
184
179
154
140
198
178
159
175
161
138
150
141
114
179
172
145
209
201
176
198
186
162
186
169
140
187
162
127
205
178
130
210
178
119
197
164
93
198
165
90
208
173
100
215
180
106
187
154
79
191
159
84
224
192
116
204
174
94
177
149
65
197
171
82
218
195
101
230
209
109
231
212
108
208
191
83
210
196
84
218
195
99
198
173
81
193
166
75
210
182
91
213
183
92
210
178
85
217
184
91
221
188
95
219
187
92
220
189
94
216
187
92
209
181
86
206
181
83
211
186
88
226
187
95
223
184
92
215
176
84
216
177
85
215
176
84
222
183
91
235
197
104
203
165
71
142
104
14
151
113
18
209
173
73
226
190
90
224
189
86
231
200
95
223
197
91
214
187
83
216
188
87
213
184
86
205
177
80
203
175
81
217
187
96
210
181
94
195
166
81
202
172
89
218
188
108
224
193
114
217
187
109
220
184
105
236
200
124
215
183
112
216
190
128
234
212
160
224
208
166
109
97
64
37
28
1
37
30
10
49
42
26
61
54
39
60
53
38
51
42
28
46
38
24
48
43
32
52
46
35
53
47
36
54
46
35
56
47
34
64
52
40
72
59
45
78
64
49
53
38
22
57
38
23
123
103
86
209
189
172
204
183
166
190
169
154
188
169
154
182
164
147
187
169
152
196
177
160
198
178
161
196
176
159
201
181
163
210
188
170
205
183
165
200
179
158
204
182
162
204
180
160
208
184
164
221
200
178
213
192
170
206
184
164
216
191
171
231
205
185
234
205
185
224
194
170
221
191
161
218
188
150
229
200
153
222
194
137
212
184
120
219
193
123
218
192
122
214
194
130
209
188
127
212
190
132
218
194
141
219
192
142
216
189
139
219
188
138
221
186
133
217
181
121
222
183
115
242
204
127
241
201
116
226
185
95
222
177
89
228
180
92
233
185
95
231
184
92
237
192
95
245
201
101
247
205
102
232
192
88
228
190
87
220
186
86
206
174
78
216
186
94
234
206
117
224
196
109
231
197
108
226
192
103
226
193
103
231
200
109
231
202
109
228
200
105
226
198
103
232
205
107
229
199
99
225
194
93
224
191
89
223
189
85
218
181
77
212
175
72
218
179
80
228
189
90
236
197
98
246
208
107
241
206
102
232
198
93
227
193
86
212
178
70
199
166
57
193
162
51
60
83
121
62
85
124
80
102
141
102
125
164
125
147
186
130
153
192
112
135
173
111
133
172
104
127
165
93
116
155
73
96
134
44
67
106
73
96
135
114
136
177
102
123
168
89
110
155
83
104
149
101
124
169
120
143
188
112
135
180
110
134
179
108
133
177
105
130
174
81
107
151
64
91
135
82
109
153
92
119
163
114
134
183
114
131
182
88
105
154
89
107
153
88
107
151
81
101
143
58
79
118
36
57
94
43
65
103
37
59
98
68
90
131
88
110
151
78
100
142
69
90
133
44
66
102
30
52
88
23
46
81
36
59
94
60
83
118
87
110
145
90
113
148
81
103
140
74
95
135
100
120
164
112
130
177
96
113
162
77
94
145
79
97
150
75
95
149
47
68
121
43
66
116
37
61
107
109
133
176
141
166
204
163
187
221
186
207
239
201
221
248
216
231
253
220
233
254
221
232
251
221
230
249
215
224
247
211
220
244
206
214
237
203
208
231
203
205
226
199
199
216
192
188
201
182
177
186
177
170
172
188
179
174
211
200
190
208
196
181
172
159
140
184
171
150
234
205
197
183
159
145
206
187
168
194
181
156
162
153
126
177
170
142
209
199
173
197
184
158
188
168
139
184
160
123
200
171
124
205
174
113
194
160
89
197
163
87
209
176
99
218
183
108
193
159
83
192
159
81
221
190
111
206
176
94
179
151
66
195
169
79
215
190
97
226
205
105
228
209
106
211
193
86
214
197
88
227
204
109
209
184
92
201
173
82
212
182
91
211
180
90
206
173
82
210
176
84
221
188
95
219
186
93
219
188
94
219
190
95
216
188
93
215
189
93
218
193
97
235
198
107
229
192
101
213
176
85
216
178
88
228
190
101
225
187
98
209
171
81
160
123
32
142
105
14
173
136
42
221
185
90
220
185
87
218
182
84
232
200
100
231
201
100
221
190
90
220
189
91
217
186
90
206
176
83
203
172
82
212
179
93
207
173
91
192
160
80
198
164
87
213
178
104
221
186
113
219
184
113
216
179
106
227
191
119
216
183
118
217
190
133
211
189
141
176
159
120
65
52
24
48
40
16
48
41
23
55
47
33
61
53
40
60
52
38
56
47
34
54
46
33
53
47
36
57
51
40
60
53
41
60
52
39
61
52
40
69
57
44
73
60
45
73
60
44
54
38
23
50
32
16
104
86
69
218
198
181
225
205
188
209
189
173
206
187
172
188
169
154
184
165
149
192
173
156
194
175
158
192
172
155
200
180
162
217
197
179
214
192
174
205
183
164
211
189
168
208
186
166
211
190
169
205
184
162
207
186
164
212
188
168
218
193
173
227
201
181
231
203
182
228
198
173
219
188
158
219
187
150
231
200
154
222
193
138
214
186
124
224
197
130
222
195
126
216
196
132
213
192
131
217
195
137
221
198
145
221
195
145
217
189
141
216
185
135
218
184
131
221
185
125
220
183
116
227
188
113
227
187
104
230
189
101
230
185
97
231
184
97
236
190
100
231
186
94
234
190
93
243
199
100
243
201
99
235
196
92
237
199
97
229
195
95
213
180
84
224
193
101
241
214
123
226
198
110
232
197
109
223
189
99
220
186
96
226
195
104
230
200
107
225
197
102
220
192
95
231
204
105
231
202
102
224
194
92
219
187
84
222
187
84
221
184
80
211
174
71
209
170
71
223
184
84
233
194
93
243
206
102
239
204
100
230
196
89
225
192
83
211
178
69
197
164
54
188
157
47
54
77
115
56
79
117
78
101
139
108
131
169
133
156
194
136
159
197
115
138
176
112
135
173
107
130
168
93
116
154
69
92
130
42
65
103
77
100
138
121
143
184
108
129
174
88
109
154
79
100
145
101
124
169
123
146
191
115
138
183
112
136
180
110
135
179
108
133
177
85
110
154
65
92
136
81
108
152
92
119
163
117
137
186
115
132
183
84
101
150
87
105
152
90
109
153
82
101
143
57
78
116
33
54
92
44
65
103
40
63
102
69
91
132
85
107
149
77
99
141
70
92
134
45
67
103
32
54
90
22
44
79
38
60
95
64
86
121
94
116
151
94
116
152
85
107
144
78
98
138
102
121
166
110
128
175
93
110
159
75
92
143
78
95
149
73
94
147
41
62
114
38
61
111
39
63
109
111
134
178
140
164
203
162
186
219
185
207
238
200
219
247
215
230
253
220
233
254
222
233
252
221
231
249
214
224
247
210
220
244
206
214
237
203
208
230
203
205
225
198
198
216
191
188
201
182
177
186
176
169
171
187
178
173
211
200
190
208
196
181
172
158
140
184
170
149
236
208
200
184
160
146
208
189
170
198
185
160
165
155
128
176
169
142
209
199
172
197
184
157
188
169
139
183
160
122
199
170
122
204
173
112
194
160
88
197
162
86
210
176
99
218
184
108
194
160
84
193
160
81
221
190
110
206
176
94
180
152
67
194
168
79
215
189
96
225
204
104
228
209
105
212
193
87
215
198
89
230
206
111
212
187
95
202
175
84
212
182
91
211
180
89
205
172
81
208
175
82
221
188
95
219
186
93
219
188
94
219
191
96
218
190
95
217
191
96
220
195
99
237
200
110
230
193
103
213
176
86
216
179
89
231
194
105
225
187
99
203
166
76
151
114
24
142
105
14
177
141
48
223
187
93
218
183
86
216
181
84
233
200
102
233
202
102
222
191
92
221
189
92
218
186
91
207
176
84
203
171
82
211
177
92
206
172
91
192
159
80
197
163
87
211
176
103
220
185
113
220
184
114
216
178
106
225
189
118
216
183
120
218
190
134
206
185
137
166
149
111
55
43
16
51
43
20
51
44
26
56
49
34
61
53
40
60
52
39
57
48
35
56
48
35
54
48
37
58
52
41
61
54
42
61
53
40
63
54
41
70
59
45
73
60
45
73
59
43
54
39
23
49
31
14
101
83
66
220
200
183
230
210
193
213
194
177
210
191
176
189
170
155
183
164
149
191
173
156
194
175
158
191
171
154
200
180
162
219
199
181
216
194
176
206
184
166
212
191
170
209
188
167
212
191
170
201
180
158
206
185
163
213
189
169
218
194
174
227
201
181
231
202
182
228
198
174
218
188
158
219
187
151
232
200
155
223
193
139
215
187
124
225
198
131
223
196
127
217
196
132
214
193
132
218
196
138
222
199
146
222
195
145
217
189
141
215
184
135
218
183
131
222
186
126
219
183
116
224
185
110
225
185
101
231
190
102
231
187
99
232
186
98
237
192
101
231
187
94
234
190
93
242
199
99
242
201
99
236
196
93
239
201
99
231
197
97
214
181
85
226
195
103
243
215
125
226
199
111
233
197
109
222
188
99
218
185
95
225
194
102
229
200
107
224
196
102
218
191
94
231
204
104
232
202
102
224
194
92
219
186
83
222
187
84
222
185
81
211
173
71
207
168
69
222
183
83
232
194
92
242
205
102
238
203
99
229
196
88
225
192
83
211
178
69
197
164
54
187
157
46
49
71
109
50
73
111
81
103
141
115
138
176
133
155
193
131
153
191
115
138
176
121
143
181
113
136
174
90
112
150
60
83
121
43
65
103
82
104
142
119
142
182
106
127
172
85
106
151
75
96
141
104
126
171
130
153
198
116
138
184
107
131
176
103
128
172
105
130
174
93
118
162
71
98
142
78
105
149
89
116
160
114
135
184
111
128
178
78
96
144
81
100
145
88
107
151
81
101
142
61
81
120
37
58
96
44
65
103
44
66
104
77
98
139
93
114
156
83
104
146
76
97
139
60
81
117
39
61
97
18
39
74
32
54
89
61
82
117
89
111
146
82
104
139
73
94
131
65
84
124
93
111
155
106
124
170
98
115
164
86
102
153
77
94
148
65
85
138
39
60
111
38
61
111
56
80
126
124
147
190
148
172
210
167
191
224
184
206
236
198
217
245
213
229
252
219
232
254
222
233
252
222
232
250
213
223
246
209
219
243
205
213
236
202
207
230
202
204
224
198
198
215
191
188
201
182
177
187
176
168
170
186
177
173
210
199
189
206
193
179
170
156
138
183
169
148
237
209
201
191
167
154
214
195
176
202
189
164
169
159
132
177
169
142
205
196
168
198
185
157
193
173
143
189
164
126
201
171
123
203
171
110
195
160
89
200
165
88
212
178
99
220
186
108
195
162
84
192
159
80
220
189
109
207
177
95
184
155
70
196
170
81
214
189
96
224
202
104
227
207
105
212
193
87
212
195
86
229
205
110
214
189
97
205
177
87
212
182
92
209
178
88
203
170
80
206
172
81
221
187
95
218
185
93
219
186
94
219
190
96
218
190
96
218
192
97
220
195
99
231
195
105
226
189
100
208
172
83
214
178
89
234
197
109
215
178
91
182
145
59
140
103
19
150
113
24
190
154
63
226
191
98
216
181
87
217
183
88
233
200
103
228
196
98
216
185
88
216
183
88
214
182
89
206
173
84
203
169
83
211
176
94
210
174
96
200
165
89
202
166
94
212
175
105
220
182
114
223
186
118
226
188
119
231
195
128
222
189
129
217
189
135
189
167
122
144
127
91
54
40
15
52
43
22
51
43
27
53
46
32
56
48
36
55
47
35
54
45
33
55
47
34
55
49
37
59
53
41
62
55
42
62
54
40
62
53
40
69
58
43
70
57
42
71
57
41
57
42
25
46
29
12
85
67
50
208
188
171
231
211
194
218
200
183
213
195
180
191
173
157
183
164
149
191
172
156
194
175
158
191
171
154
198
178
161
218
198
180
215
193
175
205
183
165
213
191
171
210
189
168
213
193
171
201
179
157
205
183
161
211
187
167
218
193
173
227
200
181
230
201
180
225
194
170
225
193
164
222
190
153
232
199
155
223
193
140
217
188
127
225
197
131
219
191
124
218
197
134
216
195
134
218
196
139
222
198
145
221
194
145
216
187
140
214
183
134
217
183
131
222
187
127
219
182
116
222
183
108
221
181
99
230
190
102
232
189
101
231
186
98
236
191
101
233
189
96
235
192
95
241
197
98
240
199
96
234
194
90
236
198
96
230
196
96
217
184
88
228
197
105
245
216
126
230
201
114
230
195
107
220
186
96
216
183
92
222
191
98
225
196
102
221
193
97
215
188
90
229
202
102
232
203
103
224
194
92
218
185
82
222
187
83
223
187
82
212
175
72
209
170
70
223
185
84
232
195
92
241
204
99
236
201
96
226
192
84
222
189
80
211
178
68
198
165
54
188
158
46
38
59
97
39
60
98
88
109
147
133
154
192
134
155
193
120
141
179
117
138
176
139
160
198
127
148
186
83
104
142
42
63
101
45
66
104
91
112
150
117
138
178
104
125
170
78
99
144
66
87
132
111
132
177
144
167
212
118
141
186
98
121
166
88
112
156
98
123
167
111
136
180
86
111
155
73
99
143
84
111
155
110
130
179
101
118
168
65
83
130
69
88
132
84
104
146
80
101
140
70
91
129
46
68
104
44
66
102
52
73
111
95
115
155
110
130
171
98
117
160
90
109
152
92
111
148
56
75
112
9
29
64
21
41
76
53
73
108
79
99
134
57
77
113
46
65
102
36
54
94
73
90
132
98
115
161
111
126
175
109
123
175
76
93
145
46
67
119
35
56
107
40
61
110
94
117
163
152
177
218
165
190
228
179
203
236
182
204
233
193
213
240
209
225
248
218
231
252
223
233
253
223
233
251
211
221
243
206
216
240
203
211
234
200
206
228
200
203
224
198
198
215
191
189
202
184
179
188
175
167
170
185
175
172
207
196
186
202
189
175
166
152
134
181
167
148
240
213
205
206
183
171
227
208
190
211
198
173
177
168
140
178
170
141
197
188
159
201
187
158
204
183
152
201
175
137
205
175
125
201
168
105
198
162
91
207
172
93
217
183
100
223
189
106
198
165
85
191
158
78
218
186
105
210
180
96
192
164
78
200
173
84
213
188
96
223
199
102
227
204
103
212
192
88
207
188
82
227
203
109
219
193
103
211
183
93
213
183
94
206
174
85
199
166
76
201
167
77
219
185
95
218
184
94
217
185
94
219
189
97
219
192
98
220
194
100
220
195
101
218
184
95
216
181
94
198
163
77
211
176
90
240
205
119
193
157
73
136
100
22
116
80
7
167
132
46
217
182
96
232
198
110
210
176
87
220
186
96
233
199
107
217
184
90
205
172
79
204
170
80
207
172
84
204
168
85
203
166
86
211
174
98
217
180
107
219
180
111
214
174
109
212
171
108
219
178
116
231
190
128
247
209
147
246
210
150
235
204
149
215
187
139
152
129
89
98
81
49
51
37
13
54
44
26
50
42
28
49
41
28
47
38
27
45
36
26
48
39
27
53
44
31
58
52
39
61
55
42
64
57
44
63
56
41
62
53
39
67
55
41
65
52
36
66
53
36
64
49
32
41
24
7
50
32
15
183
163
145
234
214
196
231
213
196
222
206
190
194
178
162
182
164
148
190
172
156
194
176
159
190
171
154
196
176
159
217
197
180
211
191
173
203
181
163
215
193
175
213
192
172
216
195
174
200
178
156
204
180
159
208
184
164
217
191
171
229
201
181
229
199
178
217
186
163
239
206
178
228
195
160
231
198
156
225
193
143
222
192
134
224
196
132
211
182
118
220
199
138
219
198
138
220
196
141
221
197
144
219
191
144
214
185
138
212
181
133
217
183
131
223
188
130
219
181
117
217
178
104
213
174
94
229
189
104
234
193
105
229
187
99
234
191
100
237
194
101
239
196
98
238
196
96
235
195
92
229
190
86
230
191
89
230
194
95
223
190
94
235
203
110
249
219
129
238
208
120
226
191
102
215
181
91
211
178
87
214
183
90
217
188
94
213
186
89
207
180
82
226
199
99
233
204
103
225
194
92
215
184
79
222
188
83
227
190
86
216
179
75
213
175
72
227
190
86
233
196
92
238
202
95
230
196
89
218
185
75
216
183
73
211
178
66
200
168
55
191
161
48
38
59
97
39
60
98
88
109
147
133
154
192
134
155
193
120
141
179
117
138
176
139
160
198
127
148
186
83
104
142
42
63
101
45
66
104
91
112
150
117
138
178
104
125
170
78
99
144
66
87
132
111
132
177
144
167
212
118
141
186
98
121
166
88
112
156
98
123
167
111
136
180
86
111
155
73
99
143
84
111
155
110
130
179
101
118
168
65
83
130
69
88
132
84
104
146
80
101
140
70
91
129
46
68
104
44
66
102
52
73
111
95
115
155
110
130
171
98
117
160
90
109
152
92
111
148
56
75
112
9
29
64
21
41
76
53
73
108
79
99
134
57
77
113
46
65
102
36
54
94
73
90
132
98
115
161
111
126
175
109
123
175
76
93
145
46
67
119
35
56
107
40
61
110
94
117
163
152
177
218
165
190
228
179
203
236
182
204
233
193
213
240
209
225
248
218
231
252
223
233
253
223
233
251
211
221
243
206
216
240
203
211
234
200
206
228
200
203
224
198
198
215
191
189
202
184
179
188
175
167
170
185
175
172
207
196
186
202
189
175
166
152
134
181
167
148
240
213
205
206
183
171
227
208
190
211
198
173
177
168
140
178
170
141
197
188
159
201
187
158
204
183
152
201
175
137
205
175
125
201
168
105
198
162
91
207
172
93
217
183
100
223
189
106
198
165
85
191
158
78
218
186
105
210
180
96
192
164
78
200
173
84
213
188
96
223
199
102
227
204
103
212
192
88
207
188
82
227
203
109
219
193
103
211
183
93
213
183
94
206
174
85
199
166
76
201
167
77
219
185
95
218
184
94
217
185
94
219
189
97
219
192
98
220
194
100
220
195
101
218
184
95
216
181
94
198
163
77
211
176
90
240
205
119
193
157
73
136
100
22
116
80
7
167
132
46
217
182
96
232
198
110
210
176
87
220
186
96
233
199
107
217
184
90
205
172
79
204
170
80
207
172
84
204
168
85
203
166
86
211
174
98
217
180
107
219
180
111
214
174
109
212
171
108
219
178
116
231
190
128
247
209
147
246
210
150
235
204
149
215
187
139
152
129
89
98
81
49
51
37
13
54
44
26
50
42
28
49
41
28
47
38
27
45
36
26
48
39
27
53
44
31
58
52
39
61
55
42
64
57
44
63
56
41
62
53
39
67
55
41
65
52
36
66
53
36
64
49
32
41
24
7
50
32
15
183
163
145
234
214
196
231
213
196
222
206
190
194
178
162
182
164
148
190
172
156
194
176
159
190
171
154
196
176
159
217
197
180
211
191
173
203
181
163
215
193
175
213
192
172
216
195
174
200
178
156
204
180
159
208
184
164
217
191
171
229
201
181
229
199
178
217
186
163
239
206
178
228
195
160
231
198
156
225
193
143
222
192
134
224
196
132
211
182
118
220
199
138
219
198
138
220
196
141
221
197
144
219
191
144
214
185
138
212
181
133
217
183
131
223
188
130
219
181
117
217
178
104
213
174
94
229
189
104
234
193
105
229
187
99
234
191
100
237
194
101
239
196
98
238
196
96
235
195
92
229
190
86
230
191
89
230
194
95
223
190
94
235
203
110
249
219
129
238
208
120
226
191
102
215
181
91
211
178
87
214
183
90
217
188
94
213
186
89
207
180
82
226
199
99
233
204
103
225
194
92
215
184
79
222
188
83
227
190
86
216
179
75
213
175
72
227
190
86
233
196
92
238
202
95
230
196
89
218
185
75
216
183
73
211
178
66
200
168
55
191
161
48
46
68
105
51
73
109
80
102
139
88
109
146
71
93
130
84
106
142
118
140
176
125
147
183
107
129
165
69
91
127
46
68
104
69
91
127
112
134
170
116
138
176
99
118
161
90
111
154
72
94
136
87
109
151
114
137
179
98
120
163
82
106
148
71
95
137
78
102
144
90
115
158
71
96
138
63
88
131
76
101
144
87
106
153
81
98
147
64
82
129
52
71
116
52
71
113
54
75
114
70
91
128
50
72
108
23
45
81
33
55
92
96
117
155
117
137
177
99
119
161
82
101
144
91
109
146
60
79
115
14
33
69
28
47
81
56
76
109
76
95
129
55
75
110
37
56
92
23
41
79
60
77
119
98
113
158
117
132
180
102
116
166
68
84
134
56
77
128
51
72
122
37
60
107
67
90
136
141
166
207
167
193
229
185
209
242
185
208
237
194
215
240
206
223
246
215
229
250
218
231
249
217
228
246
211
221
243
207
217
241
203
211
234
201
206
229
202
205
226
201
201
220
194
192
207
187
182
191
179
171
175
185
175
174
203
192
184
198
185
173
162
149
133
179
165
147
237
210
202
213
190
178
233
214
196
210
197
172
170
160
132
171
162
132
201
190
162
210
194
165
211
188
156
212
184
146
221
189
138
216
182
119
209
171
99
212
176
97
214
181
96
219
185
100
197
163
79
188
157
73
215
183
99
215
185
100
205
176
90
208
179
92
213
187
97
222
197
102
227
204
106
217
194
94
205
183
81
217
192
101
216
189
102
213
185
97
212
181
94
202
169
83
195
161
74
198
163
76
214
179
93
214
180
91
212
180
91
212
183
93
214
186
96
214
187
97
213
187
96
212
181
97
215
184
100
215
184
100
228
197
115
236
205
123
164
132
52
115
83
7
116
84
10
165
133
53
219
187
107
233
202
120
203
173
90
219
189
106
243
211
126
232
199
112
221
187
102
218
184
100
222
186
107
225
188
112
227
189
117
231
192
124
237
197
132
240
198
137
230
187
131
220
178
124
221
178
126
230
187
135
236
198
146
228
192
141
204
172
126
163
135
94
96
72
39
65
46
20
63
48
28
47
36
21
50
41
28
54
45
34
54
45
35
53
44
34
52
42
32
51
42
31
55
50
35
60
54
39
62
55
40
61
53
37
59
51
34
64
53
37
65
52
36
70
57
39
72
57
40
57
42
24
40
23
4
120
102
84
177
158
140
192
174
158
191
174
161
175
159
143
172
156
140
186
169
154
193
174
158
187
168
152
185
166
149
198
178
161
192
172
155
186
165
148
200
179
161
204
182
163
207
185
166
211
188
167
203
180
158
194
169
149
200
175
154
221
192
173
226
195
174
211
179
157
206
173
146
202
169
136
212
178
139
213
181
133
223
192
138
234
205
145
220
192
131
223
202
142
222
200
143
221
198
144
221
196
145
222
194
147
219
190
145
220
189
142
222
189
137
218
182
125
218
180
117
228
189
119
224
184
107
223
183
101
230
190
104
227
186
98
224
183
94
233
191
98
236
196
98
234
193
93
236
197
93
224
186
82
215
177
75
221
185
86
225
191
95
229
197
104
238
206
117
234
203
116
216
182
90
212
179
86
211
178
85
209
178
84
209
180
84
208
180
82
205
179
80
221
193
92
229
201
99
222
192
89
212
181
76
219
184
80
227
191
84
221
185
78
222
186
80
232
196
89
230
194
87
231
195
87
224
191
81
211
178
68
211
179
66
213
181
67
205
174
59
197
168
52
49
71
107
54
76
112
79
101
137
77
99
135
56
78
114
76
98
134
118
140
176
122
144
180
102
124
160
66
88
124
47
69
105
75
97
133
117
139
175
117
138
176
97
116
159
94
114
157
74
96
138
81
103
145
107
129
171
93
116
158
78
102
144
67
91
133
73
97
139
86
111
153
67
92
134
61
86
128
74
99
141
81
100
147
76
93
142
64
82
129
49
68
112
44
64
106
48
68
107
70
91
128
51
73
109
18
40
76
29
51
87
96
117
155
119
139
179
100
120
161
81
100
143
91
109
146
62
80
116
16
35
70
29
48
82
57
76
109
76
95
128
55
74
109
35
54
90
20
38
76
58
74
116
97
113
158
119
133
181
101
115
164
66
82
131
59
79
130
55
77
126
37
60
106
61
84
129
139
163
204
168
194
229
187
210
243
187
209
238
195
215
241
205
223
246
215
229
250
217
230
249
216
227
245
211
221
243
207
217
241
203
211
234
201
207
229
203
206
227
202
202
221
195
193
209
188
183
192
180
172
176
186
175
174
202
191
184
197
185
172
162
149
133
178
164
146
236
209
201
215
192
180
235
216
198
210
197
172
169
158
130
170
160
130
202
191
162
213
196
167
212
190
157
215
187
148
225
193
142
220
185
122
212
174
101
214
178
98
214
181
95
218
185
99
196
163
78
188
157
72
214
183
98
217
186
101
209
179
94
209
181
95
214
187
97
222
197
102
228
204
107
218
195
95
204
181
81
215
189
99
215
188
101
214
186
99
211
180
94
201
168
82
194
160
74
197
162
76
213
178
92
213
180
91
211
179
90
211
181
92
213
185
95
212
186
96
211
185
95
210
180
97
215
185
102
219
189
106
233
203
121
235
205
124
157
126
47
110
79
3
116
85
11
164
133
54
220
189
110
233
203
122
202
172
91
219
189
108
246
214
131
236
203
118
225
191
107
222
188
105
226
190
112
230
193
119
233
195
124
236
197
130
242
201
138
245
203
144
234
191
137
222
180
128
222
179
129
229
186
137
234
196
146
223
187
139
197
165
121
151
122
83
82
59
27
56
37
13
66
51
33
45
34
20
50
41
29
55
46
36
56
47
37
55
46
36
53
43
33
51
42
31
54
49
34
59
53
38
61
54
39
60
53
36
58
50
33
63
52
36
65
52
36
71
58
40
74
59
42
61
46
28
38
21
2
105
88
69
164
144
126
183
165
149
184
167
154
170
154
139
170
154
138
186
169
153
192
173
158
186
167
151
182
164
147
194
174
157
187
167
150
182
162
144
196
175
157
201
179
161
205
183
165
214
191
169
203
180
158
190
165
145
196
170
150
219
190
171
225
194
174
210
178
155
198
165
138
197
163
131
208
174
134
211
178
131
224
192
139
237
207
148
222
195
134
224
203
143
224
201
144
222
198
145
221
196
146
223
195
148
221
191
146
222
190
144
223
190
139
217
181
124
217
179
117
230
192
123
227
187
111
222
182
101
229
189
104
226
186
98
221
181
92
232
191
98
235
196
98
234
193
93
236
197
94
222
185
81
212
174
72
219
183
84
226
192
95
228
196
103
235
204
114
233
202
115
213
180
87
212
178
85
211
178
84
209
178
83
208
178
81
206
179
81
205
179
79
219
191
90
228
200
98
222
192
88
212
180
76
218
184
79
227
191
84
222
186
79
225
189
82
233
197
90
230
194
86
230
194
86
222
189
79
209
176
66
210
179
65
213
182
67
206
175
60
199
170
53
52
73
109
60
82
117
79
100
136
70
91
127
54
76
111
79
101
137
118
140
175
114
136
171
93
114
150
66
87
123
55
76
112
80
102
138
121
142
178
124
145
183
109
128
171
104
125
167
83
104
146
81
102
145
106
128
170
99
122
164
87
111
153
75
99
141
75
99
141
76
101
143
60
85
126
61
86
128
75
100
142
77
97
144
69
86
135
61
79
126
48
67
112
44
63
105
47
68
107
68
90
127
50
72
108
20
42
77
33
55
91
95
115
153
110
130
170
92
111
152
76
95
137
81
99
136
63
80
117
27
45
80
41
59
93
63
81
114
77
95
128
65
84
118
51
69
105
32
49
87
61
76
118
95
109
154
114
127
175
93
106
155
64
80
129
62
82
132
58
80
128
37
60
106
43
64
108
128
153
194
164
190
225
184
209
241
190
212
241
197
218
243
207
224
247
214
229
250
216
229
248
215
226
244
211
221
244
207
217
241
202
210
233
200
206
228
202
206
226
202
202
221
195
193
208
188
183
193
180
173
177
185
175
174
202
191
184
198
185
174
163
150
135
176
162
145
234
207
200
215
192
180
235
216
198
210
196
171
165
155
126
168
158
128
209
197
168
215
198
168
208
186
153
213
184
145
229
197
146
226
190
128
213
175
102
213
176
96
211
179
92
214
182
95
195
162
77
187
156
71
213
182
98
218
186
102
212
181
97
211
183
97
214
186
97
221
195
103
227
203
108
220
196
99
207
183
85
214
187
98
215
188
102
215
186
100
212
180
95
202
169
84
196
162
77
198
164
79
212
178
93
214
180
93
211
180
93
211
181
94
212
184
96
211
185
97
209
183
95
208
179
98
212
183
102
220
191
110
228
199
119
217
188
109
139
109
33
112
81
8
138
108
34
182
152
75
223
193
116
228
199
121
204
174
96
219
190
112
242
211
130
233
201
118
221
188
107
216
183
102
217
182
107
220
184
112
223
185
117
221
182
118
221
180
121
221
179
123
211
168
118
202
159
110
199
156
110
203
160
114
203
165
119
198
162
118
174
142
101
130
102
66
75
51
22
56
37
14
65
50
33
52
40
28
54
45
34
57
48
38
57
48
38
57
47
38
56
46
36
54
45
34
55
49
33
59
53
38
62
55
39
61
53
36
60
51
34
65
54
37
68
55
38
72
59
41
74
59
41
72
57
38
49
33
14
93
76
57
140
121
103
161
142
127
164
147
134
157
141
126
162
146
131
181
165
149
190
171
156
184
166
150
179
161
144
186
167
150
181
162
145
178
158
140
189
168
151
195
174
156
199
178
160
208
184
163
197
173
152
178
153
133
171
145
125
185
156
137
194
163
143
187
155
133
173
140
113
179
144
113
194
160
121
198
165
120
214
183
131
234
204
147
223
195
136
221
199
141
222
198
143
220
196
143
220
195
145
222
195
148
222
192
148
222
191
145
222
189
139
212
177
121
210
173
111
222
184
116
222
181
106
220
180
101
232
192
108
230
190
103
223
183
95
229
190
97
232
193
95
231
191
91
235
196
93
222
185
81
210
172
70
217
181
82
223
189
93
223
191
97
228
196
106
228
197
109
210
177
84
212
178
85
212
179
85
209
178
83
207
178
80
207
179
81
207
180
80
218
190
89
227
198
96
221
190
87
211
178
74
216
181
76
225
189
82
224
188
81
227
191
84
233
197
90
227
191
83
227
191
82
221
188
77
209
177
65
211
180
65
215
184
68
207
177
60
199
171
53
60
80
115
76
96
131
78
98
133
54
74
109
50
70
105
89
109
144
118
138
173
97
117
152
71
91
126
67
87
122
74
94
129
94
114
149
129
149
184
142
162
200
139
158
201
130
149
192
105
124
167
82
101
144
104
126
168
115
137
179
109
131
173
95
118
160
81
105
147
54
78
120
42
66
108
63
88
130
77
102
144
69
88
135
52
70
118
55
74
119
48
67
111
43
63
103
46
68
105
66
88
124
48
70
105
27
47
82
45
64
101
91
110
148
90
109
147
73
91
131
66
84
125
59
75
112
66
82
118
55
71
107
68
84
118
77
94
127
80
97
130
90
107
141
90
106
142
60
75
113
67
82
123
89
103
146
101
114
160
74
86
135
61
76
125
69
89
137
67
87
134
38
60
106
1
16
58
104
130
168
154
180
215
180
204
236
198
220
249
202
224
250
210
228
251
214
230
250
215
228
246
212
224
242
211
223
245
207
218
242
198
209
231
197
204
226
201
206
226
201
203
221
195
192
208
188
183
194
183
175
181
185
176
175
201
190
184
200
188
177
166
153
139
172
159
143
229
204
197
214
192
180
237
218
200
209
195
171
157
147
117
164
154
124
225
213
183
221
203
173
200
176
142
209
179
138
241
208
156
240
203
141
217
177
104
210
174
92
205
174
84
207
175
86
193
160
73
186
156
69
212
181
97
220
188
105
219
188
105
216
187
102
214
186
99
219
193
105
227
202
111
226
201
108
213
188
94
211
184
98
215
187
103
216
186
103
212
181
98
205
172
89
202
168
85
202
168
85
211
177
94
215
181
98
212
181
98
209
181
97
210
182
98
208
182
98
205
179
95
202
176
99
206
180
103
222
196
120
217
191
115
173
146
71
96
69
0
114
86
22
190
162
91
224
196
125
230
202
131
218
190
119
209
181
110
220
192
121
233
204
130
226
196
120
213
182
107
202
170
97
196
163
94
195
161
96
197
161
100
183
146
90
170
131
79
162
123
74
156
114
72
153
110
69
147
103
65
141
97
60
130
93
55
138
102
66
118
86
53
82
54
26
59
34
11
57
37
19
64
48
34
68
56
46
66
56
47
62
53
44
59
50
41
62
51
43
64
54
44
61
51
40
56
49
32
60
53
36
63
56
39
63
55
38
65
55
38
70
60
42
74
62
44
73
61
43
72
58
39
97
82
63
78
63
44
64
47
28
84
67
48
107
90
74
116
100
87
127
110
97
145
128
115
172
155
141
183
167
151
180
162
147
172
153
138
167
149
133
167
149
132
169
149
132
172
152
135
181
161
143
187
167
149
193
170
148
184
159
139
150
124
104
112
85
65
104
76
56
121
90
71
134
101
81
114
80
55
136
101
71
161
128
90
168
136
92
192
160
112
228
196
143
226
197
141
215
192
136
217
193
140
216
192
141
217
191
143
221
195
149
224
194
151
224
192
148
219
186
138
202
167
115
195
158
99
204
166
101
209
169
96
217
177
101
237
199
118
237
200
116
226
188
101
224
187
95
225
186
90
226
187
87
232
194
92
221
184
81
206
169
66
213
177
77
219
184
87
211
177
84
211
179
87
216
184
95
204
171
77
213
179
85
217
183
88
211
180
83
206
177
79
208
179
80
212
184
83
216
188
86
224
195
91
219
187
83
208
174
70
212
176
69
222
186
79
229
191
85
234
198
90
233
197
89
221
186
76
219
184
74
218
186
73
209
178
63
213
182
66
218
188
70
210
180
61
199
172
52
60
80
115
76
96
131
78
98
133
54
74
109
50
70
105
89
109
144
118
138
173
97
117
152
71
91
126
67
87
122
74
94
129
94
114
149
129
149
184
142
162
200
139
158
201
130
149
192
105
124
167
82
101
144
104
126
168
115
137
179
109
131
173
95
118
160
81
105
147
54
78
120
42
66
108
63
88
130
77
102
144
69
88
135
52
70
118
55
74
119
48
67
111
43
63
103
46
68
105
66
88
124
48
70
105
27
47
82
45
64
101
91
110
148
90
109
147
73
91
131
66
84
125
59
75
112
66
82
118
55
71
107
68
84
118
77
94
127
80
97
130
90
107
141
90
106
142
60
75
113
67
82
123
89
103
146
101
114
160
74
86
135
61
76
125
69
89
137
67
87
134
38
60
106
1
16
58
104
130
168
154
180
215
180
204
236
198
220
249
202
224
250
210
228
251
214
230
250
215
228
246
212
224
242
211
223
245
207
218
242
198
209
231
197
204
226
201
206
226
201
203
221
195
192
208
188
183
194
183
175
181
185
176
175
201
190
184
200
188
177
166
153
139
172
159
143
229
204
197
214
192
180
237
218
200
209
195
171
157
147
117
164
154
124
225
213
183
221
203
173
200
176
142
209
179
138
241
208
156
240
203
141
217
177
104
210
174
92
205
174
84
207
175
86
193
160
73
186
156
69
212
181
97
220
188
105
219
188
105
216
187
102
214
186
99
219
193
105
227
202
111
226
201
108
213
188
94
211
184
98
215
187
103
216
186
103
212
181
98
205
172
89
202
168
85
202
168
85
211
177
94
215
181
98
212
181
98
209
181
97
210
182
98
208
182
98
205
179
95
202
176
99
206
180
103
222
196
120
217
191
115
173
146
71
96
69
0
114
86
22
190
162
91
224
196
125
230
202
131
218
190
119
209
181
110
220
192
121
233
204
130
226
196
120
213
182
107
202
170
97
196
163
94
195
161
96
197
161
100
183
146
90
170
131
79
162
123
74
156
114
72
153
110
69
147
103
65
141
97
60
130
93
55
138
102
66
118
86
53
82
54
26
59
34
11
57
37
19
64
48
34
68
56
46
66
56
47
62
53
44
59
50
41
62
51
43
64
54
44
61
51
40
56
49
32
60
53
36
63
56
39
63
55
38
65
55
38
70
60
42
74
62
44
73
61
43
72
58
39
97
82
63
78
63
44
64
47
28
84
67
48
107
90
74
116
100
87
127
110
97
145
128
115
172
155
141
183
167
151
180
162
147
172
153
138
167
149
133
167
149
132
169
149
132
172
152
135
181
161
143
187
167
149
193
170
148
184
159
139
150
124
104
112
85
65
104
76
56
121
90
71
134
101
81
114
80
55
136
101
71
161
128
90
168
136
92
192
160
112
228
196
143
226
197
141
215
192
136
217
193
140
216
192
141
217
191
143
221
195
149
224
194
151
224
192
148
219
186
138
202
167
115
195
158
99
204
166
101
209
169
96
217
177
101
237
199
118
237
200
116
226
188
101
224
187
95
225
186
90
226
187
87
232
194
92
221
184
81
206
169
66
213
177
77
219
184
87
211
177
84
211
179
87
216
184
95
204
171
77
213
179
85
217
183
88
211
180
83
206
177
79
208
179
80
212
184
83
216
188
86
224
195
91
219
187
83
208
174
70
212
176
69
222
186
79
229
191
85
234
198
90
233
197
89
221
186
76
219
184
74
218
186
73
209
178
63
213
182
66
218
188
70
210
180
61
199
172
52
72
93
126
82
103
135
81
102
135
64
85
118
67
88
121
93
114
147
105
125
158
104
125
157
84
105
138
81
101
134
71
92
124
74
95
127
108
128
161
117
136
172
90
109
150
86
104
146
99
118
160
87
107
149
93
113
154
92
113
154
93
115
156
94
117
158
80
102
144
46
71
111
35
60
101
61
86
127
73
98
138
67
87
132
37
55
102
45
64
109
61
81
123
68
88
128
66
87
124
64
84
120
53
74
109
53
73
108
72
92
128
95
113
150
80
97
135
70
87
126
68
85
127
53
67
105
67
82
118
67
82
117
72
88
121
63
79
112
46
62
94
77
93
126
97
112
147
77
91
128
77
89
129
94
106
148
109
120
165
100
111
158
83
96
144
49
68
116
51
71
117
34
56
99
1
11
53
114
139
176
167
192
226
185
209
240
201
224
252
207
229
253
215
233
254
217
233
253
217
231
250
216
228
246
216
228
250
209
220
244
196
206
229
194
201
224
200
205
226
201
202
221
192
190
206
185
181
193
182
175
181
184
174
175
203
191
186
209
198
189
172
159
147
166
153
138
216
192
185
220
198
187
241
223
205
208
194
170
161
150
121
172
161
130
233
219
187
229
209
178
194
169
135
204
173
133
245
209
158
241
204
142
216
175
104
210
174
93
205
173
83
205
174
85
194
163
76
189
158
73
211
179
97
216
185
104
220
189
109
217
187
107
213
184
102
214
186
103
219
193
107
226
200
114
220
195
108
214
187
106
214
186
107
215
185
107
213
182
104
213
180
102
211
177
100
208
174
97
212
178
100
217
185
108
218
186
109
213
183
106
210
182
105
207
182
104
203
179
101
212
189
116
211
188
115
214
191
120
192
168
99
150
125
58
96
70
5
132
107
43
211
186
122
237
211
147
208
182
119
180
154
91
187
161
99
190
164
101
189
162
97
186
160
91
177
149
83
164
135
72
153
123
62
149
118
62
150
118
65
142
108
59
132
96
53
125
86
48
121
81
47
121
80
49
118
77
48
113
71
44
97
61
33
104
69
43
93
62
37
74
47
26
72
50
32
69
50
36
63
47
38
72
59
52
64
53
46
54
43
36
49
37
31
53
42
35
57
46
38
57
47
35
59
53
34
63
56
37
64
57
39
64
57
38
66
56
38
72
62
44
75
63
45
71
58
40
69
55
36
93
79
60
92
77
58
70
54
35
67
50
31
77
60
44
84
68
56
98
82
70
116
100
87
143
127
114
163
146
132
168
152
137
168
151
135
159
141
125
168
149
134
170
152
135
158
139
122
169
150
133
180
160
143
207
184
163
204
179
159
160
133
113
96
68
48
67
37
18
81
49
30
103
70
50
99
67
43
119
85
57
137
102
69
133
100
61
150
116
73
180
147
100
175
144
94
170
146
93
175
150
101
177
151
104
177
151
106
182
155
112
184
155
113
182
151
109
180
147
102
170
136
86
162
127
71
164
126
64
166
128
60
186
146
75
218
180
103
233
198
115
231
195
110
218
183
94
214
179
84
220
184
86
224
188
86
219
182
80
209
173
71
213
178
78
211
176
79
201
166
72
204
170
79
211
178
87
207
173
77
218
185
87
222
190
91
214
184
85
209
180
80
208
180
80
209
182
79
220
193
89
224
195
90
217
186
81
205
172
66
206
170
63
221
183
77
236
198
92
241
206
96
233
198
87
215
180
68
215
181
68
220
189
74
216
186
68
218
188
70
220
190
72
209
179
59
194
167
46
76
97
129
84
105
137
82
103
135
67
88
120
72
93
125
94
115
147
101
122
154
106
127
159
88
109
141
84
105
137
70
91
123
69
90
122
102
123
155
110
130
165
77
95
136
74
92
133
97
117
158
89
109
150
90
110
151
86
107
148
88
110
151
94
116
157
80
102
143
44
69
109
34
59
99
61
86
126
72
97
137
67
87
132
33
51
98
43
62
107
65
85
127
75
95
135
71
93
130
63
83
119
55
75
110
60
80
115
80
99
135
96
114
151
77
94
133
69
86
125
69
85
127
52
65
103
67
81
117
71
86
120
74
89
122
60
75
108
38
53
85
74
89
122
99
114
148
82
96
133
79
92
131
96
108
149
111
122
166
108
118
165
89
102
149
44
63
110
46
67
113
34
55
98
1
10
51
116
142
179
171
195
230
187
211
242
202
226
253
208
230
255
216
234
255
218
234
254
218
232
251
217
230
248
218
230
252
209
221
245
195
205
229
193
200
223
200
204
226
201
202
221
191
189
206
184
181
193
183
175
181
184
174
175
203
191
187
212
200
192
174
161
149
164
151
137
213
189
183
221
200
189
243
225
206
208
194
170
163
151
122
174
163
131
235
221
189
231
211
180
193
167
133
202
172
131
246
209
159
241
204
142
216
175
104
211
174
93
204
173
82
205
174
85
194
164
77
191
159
75
211
179
97
215
185
104
220
190
110
218
188
109
213
184
103
213
185
103
217
191
107
226
200
115
222
197
111
215
188
109
214
186
109
215
185
108
213
183
106
215
182
106
214
180
104
210
176
100
212
178
102
218
186
111
219
188
113
214
184
109
210
183
107
207
182
106
203
179
103
214
192
121
212
190
119
212
190
120
185
162
95
144
120
54
96
71
7
137
112
49
217
192
130
240
215
153
202
177
116
170
144
84
182
156
96
182
156
96
177
151
88
176
150
84
167
140
76
154
126
65
141
113
54
137
107
53
137
106
56
130
98
51
121
87
46
114
77
41
111
72
41
112
72
43
110
69
43
105
64
39
89
52
27
95
61
36
86
56
33
73
46
26
76
54
38
72
53
41
63
47
39
74
60
54
64
52
46
52
40
34
46
34
28
51
40
32
56
45
37
56
45
34
60
54
35
63
57
38
65
58
39
64
57
38
67
57
39
73
63
45
75
63
45
70
57
39
68
54
35
93
78
59
96
81
62
72
56
37
63
46
27
69
52
37
76
60
48
90
74
62
108
92
79
136
119
106
157
140
127
165
149
134
167
151
135
157
139
123
169
150
135
171
153
136
154
136
119
166
147
130
178
158
141
211
188
167
210
185
165
163
136
116
92
63
44
57
27
8
70
38
19
94
62
42
95
63
40
114
81
54
130
96
64
124
91
52
138
105
62
167
134
88
161
130
81
157
133
82
164
138
90
166
140
94
166
141
96
172
144
103
173
144
103
171
140
99
169
137
92
161
127
78
153
118
63
153
116
54
155
117
51
178
138
68
213
175
99
232
198
115
232
197
113
216
182
93
211
177
83
219
184
85
222
186
85
219
182
79
210
175
72
214
178
78
209
174
76
198
164
68
202
168
77
210
176
86
208
173
77
219
187
88
223
191
92
216
185
86
209
180
80
209
181
80
209
182
78
222
194
90
224
195
90
216
185
80
204
171
65
204
169
62
221
182
76
238
200
93
243
208
98
233
198
87
213
179
66
214
180
66
221
190
75
218
188
70
220
190
71
221
191
72
208
179
59
193
166
45
74
95
127
77
98
130
75
96
128
62
82
115
66
86
119
90
111
143
102
122
155
103
124
156
91
111
143
84
105
137
65
85
117
65
85
118
103
124
156
110
129
165
72
90
131
68
86
127
98
118
159
89
109
150
82
102
143
75
96
137
75
96
137
78
100
141
68
90
131
42
66
107
33
58
98
56
80
120
67
91
131
63
83
127
30
48
94
44
63
107
69
88
130
77
97
136
72
93
129
60
81
116
52
72
106
56
76
110
73
93
128
91
109
146
77
95
133
71
88
127
65
80
121
51
64
101
63
76
112
68
82
116
72
86
120
60
74
107
36
50
82
75
90
122
100
114
147
88
101
138
84
96
135
95
106
147
103
114
157
98
107
154
85
98
144
46
65
112
46
67
112
31
53
95
3
16
57
119
144
180
170
194
229
187
211
242
201
225
252
208
230
255
216
235
255
219
235
254
219
234
252
219
232
250
220
232
253
211
223
247
196
206
230
194
201
224
201
206
228
202
203
223
192
190
206
184
180
192
182
174
181
183
173
175
204
192
189
216
203
195
176
163
152
162
149
135
207
183
177
224
203
192
243
226
208
207
193
168
165
154
125
176
165
133
232
218
186
233
214
182
195
169
136
205
174
134
245
210
159
239
202
140
215
175
105
212
176
96
205
175
85
205
175
87
195
165
79
191
160
77
209
178
97
213
182
103
219
188
110
217
187
110
213
183
105
210
182
103
213
187
105
224
198
116
223
198
115
215
188
111
212
185
110
211
182
107
211
181
106
215
182
108
215
181
107
209
175
102
210
176
103
217
185
113
218
188
115
212
183
111
208
181
108
205
181
108
201
178
104
207
186
118
205
184
116
198
177
110
170
148
84
141
118
54
100
76
15
133
109
49
193
169
110
207
183
124
173
149
91
148
123
66
158
133
76
157
132
75
151
127
67
149
126
62
143
119
58
133
107
49
121
95
39
118
91
40
120
91
44
117
86
43
112
80
42
108
73
40
105
68
39
105
67
41
105
66
43
105
66
44
96
61
38
97
64
42
84
54
35
71
44
27
73
51
37
67
48
38
61
45
37
69
55
49
62
50
45
54
41
36
50
38
33
56
44
37
58
47
39
56
45
34
60
54
35
63
56
37
64
57
38
63
55
36
64
55
37
71
61
43
72
60
42
70
57
39
68
54
36
84
69
50
89
74
56
75
60
41
65
48
29
66
50
35
73
57
45
85
69
57
99
83
70
125
109
96
148
132
119
160
144
129
166
150
134
156
138
123
170
152
136
172
154
138
151
133
117
163
144
128
176
156
140
204
181
160
199
174
154
153
127
107
91
63
44
64
35
16
79
47
28
99
66
46
99
67
43
113
80
54
125
91
60
118
85
49
133
99
58
157
124
80
145
114
67
136
112
62
143
118
71
146
120
75
146
121
77
151
123
83
151
123
83
150
120
79
152
119
76
147
113
65
144
109
56
147
111
51
146
107
43
160
121
53
194
158
83
222
189
108
229
194
112
213
179
92
209
175
82
219
184
87
220
185
84
218
181
79
212
177
74
215
179
79
208
172
75
197
162
67
204
169
77
211
177
86
210
176
78
221
189
90
224
192
93
216
185
86
210
181
80
208
180
78
207
180
76
225
197
92
225
195
90
217
186
80
204
171
65
203
168
60
221
182
76
241
203
95
245
211
100
233
199
87
212
178
65
213
179
65
222
191
75
219
189
71
221
191
72
221
191
72
207
178
57
191
164
42
70
89
122
61
80
113
58
77
110
48
67
100
50
69
102
80
99
132
105
124
157
96
115
148
98
117
150
85
104
137
49
68
101
56
75
108
107
126
159
111
129
165
59
77
118
52
70
111
103
121
162
91
109
150
62
81
122
48
68
109
38
58
99
36
56
97
37
59
100
37
59
100
32
54
95
43
65
106
52
74
115
54
74
117
21
40
85
48
67
110
79
99
139
82
104
141
73
94
129
53
73
108
43
64
96
46
67
99
58
77
112
77
96
132
79
97
134
77
93
131
53
68
107
48
60
96
51
63
99
59
71
107
69
81
115
61
74
106
31
44
76
79
92
124
101
113
146
104
116
151
97
108
146
93
103
142
82
92
134
72
81
125
73
86
130
53
72
117
47
66
109
25
47
88
10
33
71
126
150
186
168
193
226
188
212
242
199
223
249
209
231
254
217
237
255
222
238
255
223
238
255
224
238
255
228
240
255
217
229
251
199
209
233
197
205
228
205
210
232
205
206
227
193
192
209
183
179
191
180
172
181
181
171
175
206
195
193
224
211
205
181
168
159
158
144
132
192
168
162
231
211
201
246
231
213
203
190
164
173
162
132
182
171
139
224
210
178
239
222
190
202
177
143
211
180
141
245
211
162
233
196
136
216
176
107
218
183
104
207
179
91
208
179
94
200
170
86
193
163
83
207
176
99
208
177
102
216
186
112
216
186
114
211
181
110
202
174
103
204
177
103
220
193
119
226
200
124
214
188
117
208
182
112
204
175
106
207
176
107
216
184
115
217
184
117
209
175
109
206
172
106
215
184
117
216
187
121
208
181
116
203
178
112
201
177
111
196
174
108
188
170
109
186
168
108
162
144
85
130
111
54
131
112
55
112
92
37
124
103
51
128
107
56
120
99
48
96
75
24
90
68
20
94
72
24
90
68
20
82
63
11
79
62
6
81
63
10
76
58
6
70
50
2
70
49
5
75
51
11
84
57
22
90
62
32
93
63
38
89
58
36
87
53
35
93
59
43
105
70
55
115
84
68
104
73
58
79
51
37
66
41
29
66
43
34
54
35
29
56
39
34
56
41
38
57
45
41
58
46
42
62
50
45
68
57
49
66
53
45
55
43
33
60
53
34
61
54
35
60
53
34
59
50
32
59
49
31
65
55
37
65
53
35
69
56
38
70
56
38
61
47
29
71
55
38
85
69
52
69
54
35
62
47
32
65
51
39
70
56
44
74
60
48
96
80
68
125
109
97
146
130
117
164
147
134
152
135
122
173
157
141
176
159
143
145
126
111
156
137
122
170
151
136
186
161
142
171
146
126
128
102
82
89
62
43
86
56
39
103
71
53
110
78
59
109
77
54
112
79
53
113
80
51
104
72
39
118
85
47
132
100
59
103
73
31
80
57
9
89
65
20
93
68
25
94
68
28
97
70
33
94
67
30
96
66
28
105
74
32
108
75
30
120
86
37
134
99
43
121
84
23
115
76
14
148
113
43
197
165
90
221
188
109
205
171
88
204
170
80
219
185
90
218
182
84
214
178
79
217
182
79
218
182
83
205
168
71
196
160
65
208
173
79
215
181
88
216
182
83
227
193
93
228
196
96
219
188
86
211
182
78
206
179
75
201
175
69
233
204
99
227
198
92
217
187
79
204
171
64
201
165
57
222
184
76
247
210
101
252
218
105
236
202
88
211
177
63
212
179
63
225
195
77
225
195
76
224
195
75
221
192
71
205
177
54
185
159
35
70
89
122
61
80
113
58
77
110
48
67
100
50
69
102
80
99
132
105
124
157
96
115
148
98
117
150
85
104
137
49
68
101
56
75
108
107
126
159
111
129
165
59
77
118
52
70
111
103
121
162
91
109
150
62
81
122
48
68
109
38
58
99
36
56
97
37
59
100
37
59
100
32
54
95
43
65
106
52
74
115
54
74
117
21
40
85
48
67
110
79
99
139
82
104
141
73
94
129
53
73
108
43
64
96
46
67
99
58
77
112
77
96
132
79
97
134
77
93
131
53
68
107
48
60
96
51
63
99
59
71
107
69
81
115
61
74
106
31
44
76
79
92
124
101
113
146
104
116
151
97
108
146
93
103
142
82
92
134
72
81
125
73
86
130
53
72
117
47
66
109
25
47
88
10
33
71
126
150
186
168
193
226
188
212
242
199
223
249
209
231
254
217
237
255
222
238
255
223
238
255
224
238
255
228
240
255
217
229
251
199
209
233
197
205
228
205
210
232
205
206
227
193
192
209
183
179
191
180
172
181
181
171
175
206
195
193
224
211
205
181
168
159
158
144
132
192
168
162
231
211
201
246
231
213
203
190
164
173
162
132
182
171
139
224
210
178
239
222
190
202
177
143
211
180
141
245
211
162
233
196
136
216
176
107
218
183
104
207
179
91
208
179
94
200
170
86
193
163
83
207
176
99
208
177
102
216
186
112
216
186
114
211
181
110
202
174
103
204
177
103
220
193
119
226
200
124
214
188
117
208
182
112
204
175
106
207
176
107
216
184
115
217
184
117
209
175
109
206
172
106
215
184
117
216
187
121
208
181
116
203
178
112
201
177
111
196
174
108
188
170
109
186
168
108
162
144
85
130
111
54
131
112
55
112
92
37
124
103
51
128
107
56
120
99
48
96
75
24
90
68
20
94
72
24
90
68
20
82
63
11
79
62
6
81
63
10
76
58
6
70
50
2
70
49
5
75
51
11
84
57
22
90
62
32
93
63
38
89
58
36
87
53
35
93
59
43
105
70
55
115
84
68
104
73
58
79
51
37
66
41
29
66
43
34
54
35
29
56
39
34
56
41
38
57
45
41
58
46
42
62
50
45
68
57
49
66
53
45
55
43
33
60
53
34
61
54
35
60
53
34
59
50
32
59
49
31
65
55
37
65
53
35
69
56
38
70
56
38
61
47
29
71
55
38
85
69
52
69
54
35
62
47
32
65
51
39
70
56
44
74
60
48
96
80
68
125
109
97
146
130
117
164
147
134
152
135
122
173
157
141
176
159
143
145
126
111
156
137
122
170
151
136
186
161
142
171
146
126
128
102
82
89
62
43
86
56
39
103
71
53
110
78
59
109
77
54
112
79
53
113
80
51
104
72
39
118
85
47
132
100
59
103
73
31
80
57
9
89
65
20
93
68
25
94
68
28
97
70
33
94
67
30
96
66
28
105
74
32
108
75
30
120
86
37
134
99
43
121
84
23
115
76
14
148
113
43
197
165
90
221
188
109
205
171
88
204
170
80
219
185
90
218
182
84
214
178
79
217
182
79
218
182
83
205
168
71
196
160
65
208
173
79
215
181
88
216
182
83
227
193
93
228
196
96
219
188
86
211
182
78
206
179
75
201
175
69
233
204
99
227
198
92
217
187
79
204
171
64
201
165
57
222
184
76
247
210
101
252
218
105
236
202
88
211
177
63
212
179
63
225
195
77
225
195
76
224
195
75
221
192
71
205
177
54
185
159
35
41
59
91
42
60
91
45
63
95
52
70
102
66
84
116
81
99
131
87
105
137
95
114
145
84
102
134
60
78
110
37
55
86
43
61
93
74
92
123
78
96
130
60
77
117
76
93
133
108
125
165
81
99
138
48
67
106
46
65
104
41
61
99
46
67
106
47
68
107
17
39
77
47
70
108
65
87
126
56
78
117
54
75
118
53
74
117
79
98
141
85
106
146
77
98
135
56
76
112
37
57
90
37
57
89
27
46
79
26
44
78
24
42
76
33
49
86
54
70
108
49
65
103
44
54
90
43
52
89
42
52
87
48
59
92
57
68
100
49
61
91
52
64
94
64
75
107
67
78
111
71
81
117
76
85
123
71
80
120
58
66
109
49
60
103
44
62
105
46
65
106
37
58
97
31
55
92
120
145
178
162
187
219
183
208
237
200
223
249
209
232
254
216
236
255
220
238
255
223
239
255
222
238
255
225
239
255
212
224
247
201
212
236
206
215
238
208
214
236
201
203
223
196
195
214
188
183
198
176
168
178
182
173
178
205
194
194
219
207
201
185
173
165
149
136
127
176
152
147
220
200
189
239
223
204
205
192
166
185
174
143
166
153
121
210
194
162
236
216
185
209
183
151
216
184
146
228
194
148
231
194
138
217
178
112
198
165
89
183
156
72
188
161
80
198
169
91
192
162
87
194
164
92
198
169
101
209
179
113
210
180
116
207
178
114
215
186
122
219
191
127
218
190
126
213
186
121
209
183
120
211
185
122
204
175
113
198
169
107
207
176
116
211
180
121
200
169
110
197
166
108
187
157
99
180
153
95
172
147
90
157
134
77
142
121
64
139
118
60
124
109
58
116
101
49
102
87
36
95
79
30
99
83
35
92
75
29
92
74
29
98
81
37
93
76
33
86
68
26
86
67
27
87
68
28
84
65
25
80
65
22
79
70
23
81
72
26
81
71
28
81
67
28
82
67
32
86
68
36
93
73
46
93
72
48
88
63
45
83
57
43
88
61
50
94
67
58
94
66
58
95
67
57
88
59
50
72
46
38
64
41
34
65
43
38
59
40
37
51
35
32
49
34
32
55
42
39
59
47
43
59
47
42
59
47
39
59
46
38
58
46
36
62
53
35
61
52
34
60
51
32
60
50
32
62
52
34
66
54
36
67
55
37
69
57
39
67
54
36
70
56
38
70
55
37
65
50
32
70
55
37
77
63
49
62
47
37
44
29
19
42
27
17
67
52
40
118
103
91
154
138
126
170
154
141
167
150
137
164
147
134
169
153
138
163
146
131
147
130
114
133
117
101
145
121
102
139
114
94
107
82
62
87
61
42
91
63
46
118
88
69
129
99
80
111
80
58
101
69
45
98
67
40
95
64
34
100
68
36
108
77
42
99
70
32
91
67
24
99
75
33
95
70
30
91
66
28
97
72
37
97
69
35
91
63
28
106
77
40
96
66
25
104
71
26
145
111
61
151
116
60
122
85
27
117
84
20
164
134
64
201
171
96
193
160
83
205
172
87
214
181
90
224
189
94
222
186
88
220
183
83
228
192
92
209
173
74
194
157
60
213
178
82
217
182
88
218
184
83
231
198
96
229
197
94
213
184
80
213
184
80
202
173
68
194
167
59
218
190
82
221
191
84
220
188
80
216
182
74
217
180
72
228
190
82
241
203
94
249
215
101
237
203
89
218
185
69
217
184
67
228
198
79
224
194
75
222
193
71
229
200
77
217
189
65
196
171
46
32
50
81
36
54
85
41
59
90
53
71
102
71
89
120
81
99
130
81
99
130
95
113
144
80
98
129
52
70
101
33
51
82
39
57
88
64
82
113
68
86
120
60
77
116
84
101
140
110
127
166
78
96
135
44
63
101
45
64
102
42
62
100
50
71
109
50
71
109
12
33
71
52
75
113
72
95
133
57
80
118
54
76
119
63
85
127
89
108
151
87
108
148
75
96
134
50
71
107
32
52
85
35
54
87
21
40
73
16
35
68
8
25
59
19
35
72
48
64
101
49
65
102
43
52
89
40
49
86
37
46
82
42
53
86
55
66
98
55
66
96
44
55
86
52
63
95
56
66
99
63
73
109
71
80
118
68
76
116
55
62
105
42
52
95
42
60
102
45
65
106
41
61
100
38
62
98
118
143
177
160
186
217
182
207
236
200
224
249
210
233
254
215
236
255
219
238
255
223
239
255
222
238
254
225
239
255
211
223
246
201
213
237
209
218
242
209
215
237
200
202
223
197
196
215
190
185
200
175
167
177
182
173
179
205
194
194
217
205
201
187
174
166
146
133
125
171
147
142
217
197
186
237
220
202
206
193
167
189
178
146
161
148
116
205
189
157
236
214
183
212
186
153
217
186
148
222
189
144
231
194
138
217
179
114
192
159
85
176
149
67
183
156
75
197
169
92
191
162
89
190
160
90
196
166
100
208
177
113
208
179
117
206
177
116
218
190
129
224
196
135
218
190
129
209
181
120
208
181
121
212
186
126
203
175
115
195
167
107
205
175
117
210
180
123
198
168
111
195
164
109
178
149
94
169
142
87
161
136
82
142
120
66
124
104
49
121
101
46
105
91
42
94
80
31
84
70
22
84
69
23
89
74
28
86
70
27
82
66
23
89
73
31
85
69
28
83
66
27
85
67
30
85
67
30
82
64
27
79
67
26
79
73
28
82
75
31
83
75
35
84
73
36
86
73
40
89
74
44
95
78
53
94
75
54
86
64
47
81
57
45
89
63
54
95
69
63
91
65
59
89
61
55
83
55
48
70
44
38
64
41
35
65
43
40
60
42
39
50
34
32
47
32
30
54
41
39
59
47
43
58
46
41
56
44
36
57
44
36
60
47
38
63
53
35
61
51
33
60
50
32
61
51
33
63
53
35
66
54
36
68
56
38
69
57
39
67
54
36
73
59
41
69
55
37
58
44
26
70
56
38
83
68
55
61
46
37
35
20
11
32
17
8
58
44
32
116
101
89
156
140
128
172
156
143
171
155
142
161
144
131
168
151
137
169
153
137
144
128
112
122
106
90
133
109
89
130
105
85
101
76
56
87
60
42
93
65
48
122
93
75
135
105
86
112
81
60
97
66
43
94
63
38
93
62
33
94
63
33
100
69
37
98
69
33
94
70
29
102
77
37
96
70
32
90
65
29
97
72
38
98
71
37
90
63
28
107
79
43
93
63
24
99
67
23
148
115
66
160
126
72
124
88
32
108
75
13
154
124
56
195
166
92
189
157
81
206
174
90
213
179
90
227
192
97
225
188
91
221
184
85
231
195
95
211
175
75
194
156
59
215
179
83
218
183
88
219
185
83
233
200
97
229
197
93
212
183
78
214
185
80
201
172
67
192
164
56
213
185
77
219
189
82
221
189
81
220
185
77
222
185
77
230
192
84
239
202
92
248
214
100
238
204
90
221
187
71
218
185
68
229
199
80
224
194
74
221
193
71
231
203
79
221
193
69
200
174
49
34
52
83
35
54
84
40
58
88
52
70
101
69
87
118
75
93
123
71
89
119
84
102
133
75
93
123
53
71
102
37
55
85
42
60
90
61
79
109
64
82
115
63
80
119
83
99
138
98
115
153
70
88
126
44
63
101
51
70
108
51
70
108
60
80
118
54
74
112
9
30
68
54
77
114
77
100
138
64
87
124
65
87
129
70
91
134
86
106
148
79
100
139
67
88
125
45
66
101
29
50
83
30
50
82
25
44
76
26
44
77
21
38
71
28
44
80
48
64
101
45
60
97
41
51
87
42
51
88
40
50
85
44
55
87
51
62
94
49
61
91
42
53
83
47
58
90
52
62
95
60
70
105
68
77
114
67
75
114
55
63
105
44
55
97
43
61
102
48
67
108
46
66
104
41
64
100
117
142
175
157
183
213
180
205
234
199
223
248
209
233
254
215
236
255
219
238
255
222
239
255
221
238
254
222
237
254
209
222
245
201
213
237
209
218
241
209
215
237
200
203
224
197
195
214
189
185
200
174
166
177
181
172
178
204
192
193
216
204
201
188
174
168
147
134
126
169
146
141
215
194
184
234
218
199
208
196
170
189
178
147
160
147
115
201
184
153
232
210
180
212
186
154
219
188
152
224
190
146
229
192
138
216
179
115
195
164
91
182
156
76
184
157
80
195
167
92
188
160
89
189
159
92
197
167
104
207
177
116
207
178
119
203
175
117
212
183
126
218
190
133
216
188
130
209
181
123
205
179
122
206
181
124
196
168
111
185
156
100
190
160
106
192
163
109
181
151
98
173
143
90
158
129
78
151
125
73
144
120
69
126
105
54
109
90
38
106
87
36
96
83
37
88
75
29
79
67
22
80
67
24
86
72
29
82
67
27
77
62
22
82
68
29
79
64
26
78
62
26
80
64
29
81
64
30
79
62
28
77
66
28
78
74
32
80
75
34
80
74
37
80
71
37
81
71
40
84
71
44
88
72
50
87
70
51
83
62
48
81
59
49
89
66
59
94
70
65
88
64
60
84
58
53
79
52
46
66
42
36
61
39
34
63
42
39
59
42
39
50
34
32
48
33
31
54
41
39
59
47
42
58
45
40
56
43
35
56
43
35
59
47
37
64
54
36
62
52
34
60
50
32
61
51
32
62
52
34
65
52
35
66
54
37
68
55
38
66
53
35
70
56
38
67
53
36
60
45
28
66
52
34
73
59
46
61
46
37
50
35
26
52
37
28
68
54
43
118
103
92
157
141
130
169
153
141
163
148
135
152
135
122
160
144
130
163
147
132
141
125
110
124
108
93
133
110
90
131
106
86
104
79
59
92
66
47
97
70
53
125
96
78
137
107
89
107
76
55
97
66
43
96
65
40
95
64
36
93
63
33
97
66
35
97
68
33
96
72
32
101
76
38
94
69
32
90
66
31
99
74
42
99
73
40
91
65
32
102
74
39
90
60
22
105
73
31
143
111
63
146
112
61
118
83
29
106
74
14
144
114
48
180
151
80
184
152
78
209
177
95
212
178
91
221
187
93
224
187
90
222
185
86
232
196
96
213
176
76
195
158
60
215
179
82
217
181
85
217
183
80
232
199
95
229
197
92
212
182
77
214
185
79
201
173
67
195
167
59
212
184
76
219
188
80
221
188
80
220
185
77
223
185
77
230
191
83
238
200
91
247
213
99
236
202
88
218
185
69
216
182
66
227
197
78
223
194
74
222
194
72
233
205
81
224
196
72
204
178
53
40
58
87
35
53
82
36
54
83
49
67
96
63
81
110
56
74
103
40
58
87
52
70
99
61
79
108
57
75
104
49
67
96
50
68
97
52
70
99
51
69
100
72
88
125
79
97
134
64
82
119
47
65
102
45
63
100
70
88
125
77
96
133
89
108
145
67
86
123
2
23
59
62
84
120
95
117
153
86
108
144
99
121
161
89
111
153
79
99
140
56
78
115
44
66
101
30
51
84
24
44
76
16
36
67
35
55
86
57
75
106
59
75
108
55
69
104
50
64
100
35
48
86
38
47
84
46
55
91
53
63
97
50
60
93
39
50
81
33
44
74
35
46
76
32
43
74
41
52
84
52
62
96
60
69
105
62
71
109
58
66
106
50
63
102
47
66
104
57
76
114
61
82
119
50
72
107
115
141
172
147
174
202
176
201
228
197
223
248
209
233
254
214
235
255
218
237
255
220
238
255
219
236
253
216
231
252
205
219
242
201
213
237
208
217
241
210
216
239
202
205
227
195
194
213
187
184
200
173
165
178
177
168
175
198
187
188
214
202
200
190
177
171
148
134
128
164
142
136
208
188
177
228
212
193
217
204
178
191
180
149
158
145
113
187
172
140
220
199
171
212
186
156
226
197
163
228
195
153
223
188
138
212
177
117
206
176
108
201
176
103
189
164
93
188
161
94
179
152
89
186
157
98
200
171
115
205
177
124
205
176
126
197
170
120
192
164
117
202
174
127
211
183
136
207
181
132
198
174
126
191
168
120
173
147
100
154
127
81
148
119
74
143
114
69
132
103
59
110
81
37
100
72
31
99
74
32
95
73
31
78
60
19
66
48
7
64
48
6
70
61
24
69
60
23
68
58
23
72
62
28
76
66
32
71
60
28
64
53
21
62
51
21
61
49
21
63
51
23
68
56
28
70
57
31
70
57
31
71
65
35
75
76
42
75
76
44
73
73
43
71
67
40
69
64
41
70
63
43
66
57
41
68
56
44
73
60
52
82
66
61
92
74
72
91
73
73
81
63
64
71
49
47
65
42
40
55
34
32
54
33
31
58
39
38
57
41
40
50
35
33
51
38
36
55
42
40
57
45
40
56
43
37
55
41
34
55
42
34
59
46
37
67
57
39
65
55
37
62
52
34
60
50
32
62
50
32
62
49
33
62
49
33
64
51
35
63
50
34
60
45
29
62
47
31
65
50
34
54
39
23
48
34
22
60
47
39
92
80
71
109
97
87
99
86
76
126
111
102
159
145
134
161
147
135
142
126
114
124
108
96
140
124
111
147
130
117
133
116
103
131
114
101
136
113
94
134
110
90
114
90
70
108
82
64
110
84
67
131
104
87
141
113
96
91
61
42
95
65
45
101
70
48
101
70
46
92
62
37
88
58
31
94
65
36
101
77
41
98
73
39
89
65
32
91
67
37
103
79
51
103
79
51
95
70
41
88
61
31
81
53
19
123
92
54
130
98
55
108
74
29
102
68
21
101
70
17
114
86
27
135
107
44
169
138
69
218
186
110
209
176
93
205
171
81
220
185
89
225
189
91
235
198
98
218
179
80
200
162
63
214
178
79
214
177
79
211
177
71
228
196
89
228
197
90
212
183
75
213
185
77
204
176
68
203
175
67
210
183
73
216
186
77
219
187
78
220
185
76
224
187
78
230
191
82
235
198
87
244
210
96
230
196
82
210
177
61
207
174
57
222
192
73
223
194
73
226
197
75
240
212
88
234
206
81
216
190
64
40
58
87
35
53
82
36
54
83
49
67
96
63
81
110
56
74
103
40
58
87
52
70
99
61
79
108
57
75
104
49
67
96
50
68
97
52
70
99
51
69
100
72
88
125
79
97
134
64
82
119
47
65
102
45
63
100
70
88
125
77
96
133
89
108
145
67
86
123
2
23
59
62
84
120
95
117
153
86
108
144
99
121
161
89
111
153
79
99
140
56
78
115
44
66
101
30
51
84
24
44
76
16
36
67
35
55
86
57
75
106
59
75
108
55
69
104
50
64
100
35
48
86
38
47
84
46
55
91
53
63
97
50
60
93
39
50
81
33
44
74
35
46
76
32
43
74
41
52
84
52
62
96
60
69
105
62
71
109
58
66
106
50
63
102
47
66
104
57
76
114
61
82
119
50
72
107
115
141
172
147
174
202
176
201
228
197
223
248
209
233
254
214
235
255
218
237
255
220
238
255
219
236
253
216
231
252
205
219
242
201
213
237
208
217
241
210
216
239
202
205
227
195
194
213
187
184
200
173
165
178
177
168
175
198
187
188
214
202
200
190
177
171
148
134
128
164
142
136
208
188
177
228
212
193
217
204
178
191
180
149
158
145
113
187
172
140
220
199
171
212
186
156
226
197
163
228
195
153
223
188
138
212
177
117
206
176
108
201
176
103
189
164
93
188
161
94
179
152
89
186
157
98
200
171
115
205
177
124
205
176
126
197
170
120
192
164
117
202
174
127
211
183
136
207
181
132
198
174
126
191
168
120
173
147
100
154
127
81
148
119
74
143
114
69
132
103
59
110
81
37
100
72
31
99
74
32
95
73
31
78
60
19
66
48
7
64
48
6
70
61
24
69
60
23
68
58
23
72
62
28
76
66
32
71
60
28
64
53
21
62
51
21
61
49
21
63
51
23
68
56
28
70
57
31
70
57
31
71
65
35
75
76
42
75
76
44
73
73
43
71
67
40
69
64
41
70
63
43
66
57
41
68
56
44
73
60
52
82
66
61
92
74
72
91
73
73
81
63
64
71
49
47
65
42
40
55
34
32
54
33
31
58
39
38
57
41
40
50
35
33
51
38
36
55
42
40
57
45
40
56
43
37
55
41
34
55
42
34
59
46
37
67
57
39
65
55
37
62
52
34
60
50
32
62
50
32
62
49
33
62
49
33
64
51
35
63
50
34
60
45
29
62
47
31
65
50
34
54
39
23
48
34
22
60
47
39
92
80
71
109
97
87
99
86
76
126
111
102
159
145
134
161
147
135
142
126
114
124
108
96
140
124
111
147
130
117
133
116
103
131
114
101
136
113
94
134
110
90
114
90
70
108
82
64
110
84
67
131
104
87
141
113
96
91
61
42
95
65
45
101
70
48
101
70
46
92
62
37
88
58
31
94
65
36
101
77
41
98
73
39
89
65
32
91
67
37
103
79
51
103
79
51
95
70
41
88
61
31
81
53
19
123
92
54
130
98
55
108
74
29
102
68
21
101
70
17
114
86
27
135
107
44
169
138
69
218
186
110
209
176
93
205
171
81
220
185
89
225
189
91
235
198
98
218
179
80
200
162
63
214
178
79
214
177
79
211
177
71
228
196
89
228
197
90
212
183
75
213
185
77
204
176
68
203
175
67
210
183
73
216
186
77
219
187
78
220
185
76
224
187
78
230
191
82
235
198
87
244
210
96
230
196
82
210
177
61
207
174
57
222
192
73
223
194
73
226
197
75
240
212
88
234
206
81
216
190
64
53
71
98
56
74
101
57
74
102
57
74
101
57
74
101
53
70
97
49
66
94
69
86
114
76
93
121
65
82
110
51
68
96
53
71
98
54
71
99
46
63
94
72
88
125
87
103
140
59
76
113
48
65
102
47
64
101
65
83
120
57
76
112
58
76
113
51
70
107
18
37
74
90
110
147
117
137
174
112
134
170
110
132
173
86
108
149
69
92
130
53
74
112
42
63
97
25
46
78
20
40
71
36
56
85
72
90
120
85
103
134
71
87
119
52
66
100
40
52
88
36
48
85
41
50
87
38
47
83
37
48
81
32
43
75
18
29
60
16
27
57
28
40
68
34
45
75
43
54
85
52
63
95
58
68
102
60
69
107
61
70
109
60
73
111
52
71
108
53
72
109
52
72
108
35
58
91
111
137
167
149
176
204
177
204
229
196
223
245
208
233
254
213
236
255
215
236
254
217
236
253
216
234
251
213
228
250
207
221
244
200
211
236
201
211
235
206
212
236
203
206
228
194
194
214
189
186
203
177
170
182
177
168
176
197
185
189
217
203
204
199
186
182
155
141
137
160
138
132
207
187
176
226
208
190
223
210
184
185
173
142
161
148
116
189
172
143
215
195
167
205
180
152
219
190
160
215
183
146
210
177
130
212
179
126
202
174
114
186
162
98
195
171
109
215
190
131
213
188
133
205
178
129
200
172
126
196
168
126
195
167
128
182
155
116
160
133
96
159
132
95
165
137
100
157
131
93
132
109
70
122
100
61
111
87
49
102
76
39
96
69
33
91
63
28
85
58
24
93
66
32
90
65
34
93
71
40
93
74
43
81
66
35
72
57
27
72
58
28
71
63
36
72
64
37
72
64
37
73
65
39
77
68
44
74
64
41
68
58
36
65
54
33
63
53
32
64
54
34
67
56
37
67
56
37
65
54
35
62
59
37
60
66
40
61
66
41
60
63
41
58
60
39
59
58
42
61
59
46
60
56
46
64
56
50
70
60
58
79
66
67
83
69
72
78
63
67
64
49
54
60
41
43
58
38
38
51
32
32
50
32
33
57
40
41
60
44
43
54
40
38
57
44
42
57
45
41
57
44
39
56
43
36
55
43
35
55
43
34
58
46
36
67
55
38
65
53
36
63
50
34
60
48
31
60
47
30
59
46
30
56
44
29
55
41
27
57
44
29
55
42
27
59
45
32
66
52
39
60
46
32
52
39
29
66
54
46
105
93
84
128
116
107
118
105
97
129
116
106
146
132
122
156
141
131
134
120
108
108
94
82
116
100
87
104
88
76
84
68
55
97
81
68
123
102
82
121
99
78
105
82
62
104
79
61
100
76
58
110
85
67
114
88
71
69
41
24
92
64
45
104
76
55
108
80
59
97
68
46
83
54
31
93
65
41
100
76
46
90
67
37
87
64
36
94
72
45
104
81
56
100
78
52
95
71
46
91
66
39
91
64
34
119
91
58
101
72
35
108
76
37
116
84
42
119
89
42
115
88
36
100
73
17
130
100
38
209
177
106
217
184
105
216
182
95
216
180
87
217
181
83
231
192
93
219
181
80
206
168
66
217
180
78
214
176
75
203
169
62
221
189
80
222
192
83
207
178
69
210
181
72
205
177
68
209
182
72
208
180
70
213
184
74
216
185
75
218
184
74
223
186
77
226
187
78
228
190
80
236
202
88
221
187
73
200
167
51
198
164
48
214
184
65
219
190
69
224
196
74
241
213
89
239
211
86
225
199
73
58
75
102
64
81
108
64
81
108
59
76
103
55
72
99
51
68
95
52
69
96
75
92
119
82
99
126
68
85
112
52
69
96
55
72
99
54
71
98
45
62
92
72
88
125
89
105
142
58
74
111
49
65
102
47
65
102
63
81
118
51
69
106
47
65
102
45
64
101
23
42
79
100
119
156
124
144
181
121
143
179
114
136
177
85
107
148
66
89
127
52
73
111
41
62
96
24
45
76
19
39
70
43
63
92
85
103
132
95
112
144
76
91
124
52
65
98
37
49
84
37
49
85
42
51
88
35
44
80
33
43
76
26
37
69
11
22
53
11
22
52
26
38
66
35
46
75
44
55
86
53
64
96
57
68
101
60
69
106
62
71
109
64
76
114
54
72
109
52
71
108
49
69
104
30
53
85
110
136
166
150
176
205
178
204
230
196
223
245
208
233
254
212
236
255
215
236
254
216
236
253
215
233
250
213
228
249
208
222
245
200
211
235
200
209
233
205
210
235
203
206
228
194
194
214
190
187
204
179
172
184
177
168
177
196
185
189
217
204
205
201
189
186
158
143
140
159
138
131
207
187
176
225
207
189
225
212
186
183
171
140
161
149
117
189
173
144
213
193
165
203
178
151
217
188
159
211
179
144
206
173
128
212
180
129
201
173
115
181
157
97
198
174
115
225
200
144
224
200
149
212
186
140
200
173
130
193
165
127
192
164
128
178
150
115
149
122
88
145
118
84
149
122
88
140
113
79
110
87
51
98
76
40
90
67
32
84
59
25
78
51
19
73
45
14
69
42
12
87
61
31
87
63
35
91
70
42
92
74
47
83
68
40
74
61
35
75
62
36
72
64
41
73
65
42
73
65
42
74
66
43
78
69
48
75
66
46
70
60
41
66
56
38
64
54
36
65
55
37
67
57
40
66
56
39
63
53
36
59
57
37
55
63
40
57
62
41
56
60
41
54
57
39
56
56
42
58
57
46
59
56
47
63
57
53
69
61
61
78
67
69
80
68
72
73
59
65
58
44
50
56
39
41
55
37
38
49
31
32
50
32
33
56
40
41
61
45
44
55
42
40
59
46
44
58
46
42
57
44
39
56
43
36
56
43
35
56
44
34
59
47
35
67
54
37
65
52
36
63
50
34
61
48
32
59
46
30
58
45
29
55
42
28
51
38
24
55
42
28
53
40
26
59
45
32
67
53
41
62
48
36
54
41
32
68
57
49
110
97
89
135
122
114
125
112
104
130
118
108
142
128
119
155
140
131
132
118
106
103
89
77
107
91
79
90
74
62
68
52
39
86
70
57
119
99
79
116
95
74
102
80
60
103
79
61
97
73
55
103
79
61
105
79
62
61
35
18
91
63
45
105
78
58
111
84
64
98
70
49
81
52
31
94
66
43
99
76
48
87
65
37
86
64
37
96
74
48
105
83
58
100
78
53
95
72
47
92
67
42
94
68
40
118
90
60
91
63
28
108
76
40
121
89
49
126
96
52
116
88
39
89
61
7
117
87
28
206
174
106
220
187
110
220
185
100
215
179
87
215
178
81
229
191
91
220
182
80
208
170
68
218
180
78
214
176
74
200
167
58
219
186
77
221
190
81
206
176
67
209
180
71
205
178
68
211
184
74
208
179
70
212
184
73
216
184
73
218
184
74
223
186
76
225
186
77
225
188
77
233
199
85
218
184
70
197
163
47
194
161
44
212
181
63
218
189
68
224
196
74
242
214
90
241
213
88
228
203
77
55
72
99
62
79
105
62
79
105
54
71
98
49
66
93
48
65
92
53
70
97
77
94
121
82
99
126
65
82
109
49
66
92
52
69
95
53
70
97
46
62
93
73
88
125
91
107
144
63
79
116
53
69
105
51
68
105
65
83
120
52
70
107
44
63
99
49
69
105
39
58
95
105
125
161
121
142
178
120
141
177
113
135
174
83
106
147
68
91
129
58
79
116
47
68
102
28
49
81
23
44
74
53
73
102
91
108
138
94
110
141
72
87
119
50
63
97
37
49
84
40
51
88
41
50
87
32
41
77
29
39
72
26
37
69
18
29
59
18
29
59
29
41
69
37
49
78
45
56
87
53
64
96
58
68
102
61
70
106
64
73
111
64
76
113
50
68
105
47
65
102
42
62
97
25
48
80
110
136
166
150
177
205
177
204
229
196
222
244
208
233
254
212
236
255
214
236
253
216
235
252
215
233
250
213
229
250
209
223
247
199
211
235
197
206
230
203
209
233
203
206
229
195
195
215
190
187
204
180
172
185
177
168
177
196
185
189
217
204
206
204
191
189
159
145
142
159
138
131
208
188
177
225
207
189
225
211
185
179
168
136
163
151
119
194
178
149
218
198
170
202
178
152
212
185
156
206
175
141
202
170
126
213
181
131
207
180
124
189
165
108
197
174
118
216
191
138
208
184
136
192
166
123
179
152
112
168
141
106
167
140
107
156
129
97
131
105
74
127
100
69
130
103
72
122
95
64
98
76
44
90
69
36
87
65
33
85
61
30
81
55
26
77
50
22
75
48
22
85
60
34
84
62
37
89
68
44
90
73
50
82
68
44
74
62
39
75
63
40
72
64
44
73
65
45
71
63
44
70
63
43
73
65
47
72
63
46
68
59
42
66
57
41
65
56
40
65
56
41
67
57
42
65
56
41
63
54
39
57
56
39
53
61
41
54
60
41
53
58
41
52
56
40
54
55
43
57
57
48
61
59
52
65
60
57
68
60
62
74
63
67
74
63
68
67
54
61
54
40
47
55
38
41
54
37
38
49
32
33
49
33
34
56
40
41
60
45
44
55
42
40
59
47
44
58
46
42
58
45
39
57
44
37
57
44
36
57
45
35
58
46
35
65
52
35
64
51
35
62
49
33
60
47
31
58
46
30
58
45
30
55
42
28
51
38
24
54
40
27
55
42
29
58
44
33
64
49
38
65
51
39
62
49
39
71
59
52
104
92
84
127
114
106
122
110
102
130
118
109
142
128
119
153
139
130
128
114
103
98
84
72
105
90
78
88
73
61
64
48
36
81
65
53
115
95
75
111
90
69
97
76
56
101
77
59
97
73
55
102
79
60
104
79
62
64
38
21
94
67
49
106
79
60
112
85
66
97
69
50
76
48
28
89
62
41
97
74
47
85
63
37
86
64
38
96
74
50
102
80
57
95
74
50
90
68
45
90
66
42
91
66
39
110
83
54
88
60
27
108
77
42
117
86
48
117
87
45
108
81
34
84
56
6
106
77
21
192
160
94
212
178
103
218
183
99
214
179
87
215
178
81
229
190
91
221
183
81
210
172
69
219
180
78
214
176
73
200
167
58
217
184
75
218
188
78
205
175
66
209
180
71
206
178
68
213
185
75
208
180
70
214
184
74
217
185
74
219
184
74
224
187
77
225
186
77
224
186
76
232
198
84
217
183
70
196
163
47
194
161
44
212
181
62
218
189
68
224
195
73
240
212
88
241
213
88
229
204
78
45
62
88
55
72
98
54
71
97
40
57
83
31
48
74
39
56
82
58
75
101
87
104
130
84
101
127
58
75
101
36
53
79
43
60
86
50
67
93
49
65
95
76
90
126
98
112
148
79
95
131
65
81
117
64
80
116
72
89
124
58
77
112
36
55
90
64
83
118
92
112
147
122
142
177
113
133
168
116
136
171
108
129
168
79
101
142
74
97
135
76
98
133
66
88
121
44
65
97
39
60
89
87
105
134
110
127
156
89
104
134
61
74
106
46
58
91
40
50
84
52
61
97
39
48
85
22
32
68
17
28
61
29
40
71
39
50
80
41
53
81
40
52
80
48
60
88
51
63
92
56
67
98
60
70
104
65
75
109
70
79
116
63
76
113
36
55
90
29
48
83
19
40
73
9
32
64
112
137
166
151
178
205
176
202
227
194
221
243
208
234
254
213
237
255
214
235
253
214
234
251
213
232
249
216
232
253
216
230
253
198
212
235
188
198
222
197
203
227
204
207
231
197
197
218
190
187
206
182
175
189
178
169
178
197
186
191
218
205
208
211
198
197
164
151
149
160
138
132
212
192
181
224
207
188
223
209
183
167
156
125
170
157
125
210
195
167
232
213
186
202
178
154
199
173
147
190
162
132
190
161
122
214
185
140
225
200
153
214
192
144
197
174
128
186
162
120
155
132
94
127
102
69
108
83
54
89
64
39
87
61
39
85
61
39
74
49
29
69
44
24
67
42
22
61
36
16
63
43
21
66
45
23
79
58
36
90
68
47
91
67
47
89
65
46
94
69
53
82
59
43
77
57
42
81
63
49
85
70
57
82
69
57
76
66
54
76
67
54
74
67
58
72
65
56
64
57
48
57
50
41
59
52
43
62
55
46
63
56
47
69
62
53
68
61
52
68
61
52
67
59
52
65
57
50
62
54
47
54
54
45
45
55
43
45
53
42
43
51
41
45
50
42
49
52
47
55
56
53
69
68
67
73
69
71
66
61
65
61
53
60
57
47
56
49
38
48
39
27
39
50
36
40
52
38
40
47
33
34
48
34
35
55
41
42
60
46
45
57
44
42
61
49
45
60
47
41
60
46
40
61
48
40
60
48
39
59
47
37
57
45
34
59
46
30
59
46
30
59
46
30
58
45
30
57
44
30
58
45
31
56
42
30
49
35
23
51
37
25
61
46
36
59
44
35
54
39
30
75
60
51
86
73
65
81
69
63
87
75
69
99
88
80
114
103
95
132
119
111
143
130
121
150
138
128
116
102
93
83
68
59
99
85
73
85
71
59
54
39
27
66
50
38
102
84
64
93
74
53
82
63
42
96
74
56
96
74
56
100
78
60
100
78
60
75
50
34
104
79
63
110
85
69
114
89
73
94
68
52
62
36
20
76
51
34
89
66
44
80
58
36
86
65
44
97
77
56
93
73
55
81
61
43
77
57
38
83
61
40
83
59
36
85
60
35
75
49
22
110
81
51
106
77
45
88
60
25
84
56
18
71
42
3
74
45
0
147
116
55
184
150
80
212
177
96
213
177
89
216
179
83
230
191
92
225
187
84
217
178
74
220
181
76
214
175
69
201
168
58
212
179
69
211
181
70
201
172
61
210
182
71
209
181
70
217
189
78
211
182
71
218
187
77
221
187
77
223
187
77
228
189
80
225
186
77
221
182
72
227
193
79
215
181
67
196
163
47
194
161
44
212
181
63
218
188
68
221
192
70
235
207
83
240
212
88
233
208
82
45
62
88
55
72
98
54
71
97
40
57
83
31
48
74
39
56
82
58
75
101
87
104
130
84
101
127
58
75
101
36
53
79
43
60
86
50
67
93
49
65
95
76
90
126
98
112
148
79
95
131
65
81
117
64
80
116
72
89
124
58
77
112
36
55
90
64
83
118
92
112
147
122
142
177
113
133
168
116
136
171
108
129
168
79
101
142
74
97
135
76
98
133
66
88
121
44
65
97
39
60
89
87
105
134
110
127
156
89
104
134
61
74
106
46
58
91
40
50
84
52
61
97
39
48
85
22
32
68
17
28
61
29
40
71
39
50
80
41
53
81
40
52
80
48
60
88
51
63
92
56
67
98
60
70
104
65
75
109
70
79
116
63
76
113
36
55
90
29
48
83
19
40
73
9
32
64
112
137
166
151
178
205
176
202
227
194
221
243
208
234
254
213
237
255
214
235
253
214
234
251
213
232
249
216
232
253
216
230
253
198
212
235
188
198
222
197
203
227
204
207
231
197
197
218
190
187
206
182
175
189
178
169
178
197
186
191
218
205
208
211
198
197
164
151
149
160
138
132
212
192
181
224
207
188
223
209
183
167
156
125
170
157
125
210
195
167
232
213
186
202
178
154
199
173
147
190
162
132
190
161
122
214
185
140
225
200
153
214
192
144
197
174
128
186
162
120
155
132
94
127
102
69
108
83
54
89
64
39
87
61
39
85
61
39
74
49
29
69
44
24
67
42
22
61
36
16
63
43
21
66
45
23
79
58
36
90
68
47
91
67
47
89
65
46
94
69
53
82
59
43
77
57
42
81
63
49
85
70
57
82
69
57
76
66
54
76
67
54
74
67
58
72
65
56
64
57
48
57
50
41
59
52
43
62
55
46
63
56
47
69
62
53
68
61
52
68
61
52
67
59
52
65
57
50
62
54
47
54
54
45
45
55
43
45
53
42
43
51
41
45
50
42
49
52
47
55
56
53
69
68
67
73
69
71
66
61
65
61
53
60
57
47
56
49
38
48
39
27
39
50
36
40
52
38
40
47
33
34
48
34
35
55
41
42
60
46
45
57
44
42
61
49
45
60
47
41
60
46
40
61
48
40
60
48
39
59
47
37
57
45
34
59
46
30
59
46
30
59
46
30
58
45
30
57
44
30
58
45
31
56
42
30
49
35
23
51
37
25
61
46
36
59
44
35
54
39
30
75
60
51
86
73
65
81
69
63
87
75
69
99
88
80
114
103
95
132
119
111
143
130
121
150
138
128
116
102
93
83
68
59
99
85
73
85
71
59
54
39
27
66
50
38
102
84
64
93
74
53
82
63
42
96
74
56
96
74
56
100
78
60
100
78
60
75
50
34
104
79
63
110
85
69
114
89
73
94
68
52
62
36
20
76
51
34
89
66
44
80
58
36
86
65
44
97
77
56
93
73
55
81
61
43
77
57
38
83
61
40
83
59
36
85
60
35
75
49
22
110
81
51
106
77
45
88
60
25
84
56
18
71
42
3
74
45
0
147
116
55
184
150
80
212
177
96
213
177
89
216
179
83
230
191
92
225
187
84
217
178
74
220
181
76
214
175
69
201
168
58
212
179
69
211
181
70
201
172
61
210
182
71
209
181
70
217
189
78
211
182
71
218
187
77
221
187
77
223
187
77
228
189
80
225
186
77
221
182
72
227
193
79
215
181
67
196
163
47
194
161
44
212
181
63
218
188
68
221
192
70
235
207
83
240
212
88
233
208
82
39
56
80
40
56
80
38
54
78
34
51
74
33
49
73
37
53
77
46
62
86
65
81
105
72
88
112
59
75
99
46
63
86
52
68
92
51
67
91
47
63
91
55
69
105
68
82
118
67
81
117
48
63
99
61
77
113
82
99
134
82
98
134
48
67
102
82
101
136
109
128
163
96
115
150
87
107
142
99
119
154
101
122
161
78
100
140
70
93
131
68
91
126
59
81
113
43
64
95
45
65
94
82
100
129
91
107
136
65
80
109
52
65
96
54
66
98
48
58
92
49
59
93
33
43
79
32
42
76
38
49
82
61
72
103
85
97
126
84
96
123
62
75
101
49
61
89
48
59
88
51
62
92
59
69
102
67
78
111
72
82
117
66
79
114
48
66
100
49
68
101
52
72
104
62
83
114
159
184
212
178
205
230
179
206
230
191
218
240
208
233
253
214
237
255
214
235
253
214
235
251
213
232
250
216
233
253
216
231
254
200
213
236
188
198
223
196
203
227
205
208
232
199
198
220
187
183
203
180
173
189
176
167
178
196
185
192
213
201
204
212
199
199
167
153
153
158
136
129
205
185
173
220
202
183
220
206
180
169
157
127
174
162
132
208
193
166
223
205
182
194
172
151
197
173
150
196
171
143
201
175
139
218
192
151
220
197
155
200
180
141
180
159
123
167
144
112
133
112
82
104
80
56
82
58
38
70
46
30
72
47
33
77
54
42
84
61
49
81
58
46
75
52
41
74
51
39
70
52
38
68
50
35
78
59
45
87
67
56
86
65
54
82
62
52
88
67
59
89
69
62
81
63
57
79
64
59
82
70
66
81
72
69
77
69
66
75
68
66
69
63
62
67
62
61
59
54
52
51
46
44
52
46
45
55
50
48
55
50
48
54
49
47
56
50
48
57
52
50
59
53
52
59
53
52
60
54
53
55
56
53
49
59
53
49
56
52
47
53
50
47
52
50
51
54
54
58
58
60
68
67
71
68
64
70
60
53
61
53
44
54
49
39
50
46
34
47
42
29
43
50
38
42
51
39
41
45
34
35
44
33
33
50
38
38
54
43
40
53
40
37
56
44
39
57
45
38
60
47
39
62
49
40
61
49
39
58
46
35
55
43
31
59
43
29
60
45
31
59
46
32
57
44
31
56
43
30
57
44
32
59
45
35
58
43
33
57
42
33
64
48
41
60
44
36
51
36
28
67
53
46
80
68
61
80
70
63
84
72
66
88
76
70
103
91
84
125
114
106
149
137
129
158
145
137
121
109
99
90
78
68
121
106
96
119
104
94
82
67
55
73
58
46
111
94
74
97
79
58
78
61
41
88
69
51
88
69
50
91
71
53
90
69
52
70
49
32
91
69
54
94
72
56
106
81
68
95
70
57
68
43
30
80
56
42
85
64
46
78
58
39
84
64
47
89
70
54
79
62
45
68
51
34
70
52
35
77
58
40
70
50
31
88
65
43
104
79
56
92
65
39
79
51
23
105
77
49
108
81
49
89
61
26
115
85
43
205
173
118
220
186
120
214
179
102
219
183
97
228
191
97
238
199
99
232
193
89
222
183
77
218
180
72
210
171
64
208
175
63
210
178
66
206
175
63
202
172
59
215
187
74
212
185
72
216
189
75
207
180
67
218
187
75
222
188
76
224
188
77
232
194
83
231
191
80
223
184
72
226
192
79
219
185
71
203
170
55
202
169
52
217
187
68
220
190
71
219
190
69
230
201
78
235
207
83
233
207
83
38
54
77
34
50
73
33
49
72
33
49
72
34
50
73
37
53
76
41
57
80
57
73
96
67
83
106
59
75
98
50
66
89
55
71
94
52
68
91
47
63
90
48
62
98
57
71
107
62
76
112
42
56
92
60
76
112
86
102
138
90
106
142
53
71
106
89
108
143
115
134
169
86
105
140
77
97
132
92
112
147
98
120
159
77
100
139
69
92
130
66
88
123
57
79
110
43
63
94
47
68
97
80
98
127
84
100
129
55
71
100
48
62
92
57
69
101
51
61
95
48
58
92
32
41
77
36
46
80
46
57
90
73
84
115
103
115
143
100
112
140
71
84
110
50
62
89
46
58
86
49
61
90
58
69
101
69
79
112
73
83
117
68
81
114
53
71
104
57
76
109
64
85
116
82
103
134
177
202
230
188
215
240
181
208
232
190
217
238
208
233
253
214
238
255
214
236
253
213
235
252
213
233
250
216
233
253
216
232
255
200
214
237
188
198
223
197
203
228
205
208
233
199
198
221
186
182
202
179
172
189
176
166
178
196
184
192
212
199
203
213
199
200
168
154
155
157
135
128
202
183
170
218
201
181
219
205
179
169
158
128
175
164
134
207
193
166
220
203
180
192
170
150
197
173
151
198
174
147
205
180
146
220
194
156
218
196
156
196
176
140
174
153
121
160
138
109
126
104
78
96
72
51
72
49
32
63
40
26
66
41
31
74
51
43
88
65
57
86
63
55
79
56
48
80
57
49
73
56
45
68
52
40
77
59
49
86
67
59
83
64
57
80
61
54
86
67
61
92
73
70
82
65
63
79
64
63
82
70
70
82
73
74
77
71
72
75
69
70
67
62
64
66
61
63
57
52
54
49
44
46
50
45
46
53
48
49
52
47
48
49
44
45
51
46
47
53
48
49
56
51
52
57
52
53
59
54
55
56
57
56
51
60
57
51
58
56
48
54
53
48
52
53
52
55
57
59
59
63
68
67
72
66
62
70
58
50
60
49
41
52
46
36
49
44
33
46
43
30
44
50
39
43
50
39
41
45
35
35
43
33
33
48
37
36
53
41
38
51
39
35
55
43
37
56
45
37
60
47
38
62
50
40
62
50
40
58
46
35
55
42
30
59
43
30
60
45
32
59
46
32
58
44
31
56
42
30
57
43
32
61
46
37
61
46
37
59
44
36
65
49
42
60
44
37
50
34
27
64
50
44
77
66
59
80
70
63
83
71
65
84
72
66
99
87
80
123
112
104
152
140
132
161
148
140
124
111
102
94
82
72
130
115
106
132
117
107
92
78
66
75
61
49
114
98
78
98
81
60
77
60
41
85
68
49
86
67
48
88
68
50
86
66
48
69
49
32
87
66
51
89
67
52
102
79
66
95
71
59
70
46
34
81
58
45
83
63
46
78
58
41
83
64
48
87
68
53
74
58
42
63
47
31
67
50
35
75
57
40
66
46
29
89
66
47
115
91
69
85
59
34
68
41
15
111
84
58
118
90
61
96
68
35
130
101
60
227
195
142
234
200
136
215
180
104
221
186
100
233
195
102
241
202
102
235
196
91
223
185
78
218
179
71
209
170
62
211
178
65
210
178
65
205
173
60
202
172
59
217
189
75
213
186
72
216
189
75
206
179
65
218
187
74
222
189
76
225
189
77
233
196
84
233
193
81
224
185
73
226
192
79
220
186
72
206
172
58
205
172
56
219
189
71
221
191
72
218
189
68
227
199
76
234
206
82
233
207
83
38
54
77
37
53
76
37
53
76
37
53
76
37
53
76
38
54
77
42
58
81
55
71
94
65
81
104
59
75
98
50
66
89
54
70
93
49
65
88
44
59
87
42
56
91
53
67
102
63
77
113
44
58
94
59
74
110
83
99
134
84
101
136
50
67
102
87
106
141
110
129
164
81
100
135
77
97
132
92
112
146
96
117
156
75
98
136
67
91
128
64
86
121
55
78
109
43
63
94
47
68
97
74
93
121
79
95
124
54
69
98
45
58
88
51
63
95
47
57
90
46
55
89
34
44
80
40
51
85
49
60
93
73
84
115
101
113
142
99
112
140
71
85
111
49
63
89
45
58
86
47
59
88
56
68
99
67
77
111
71
82
115
66
79
112
53
70
103
55
73
106
65
85
116
89
111
141
182
206
234
188
215
241
179
206
229
188
215
237
207
232
252
213
237
255
213
236
253
213
235
251
213
233
250
214
231
252
215
231
253
201
214
238
190
200
224
198
204
229
206
209
233
199
198
221
186
183
202
179
172
189
176
166
178
196
185
193
211
198
202
213
199
201
171
157
157
156
134
127
198
178
166
216
199
180
219
206
179
174
163
133
176
165
135
203
188
162
218
201
179
192
171
151
197
173
153
196
173
147
199
175
142
207
182
145
198
177
138
170
151
118
148
127
97
135
113
87
108
87
63
88
65
47
74
51
37
68
45
34
69
45
37
75
52
46
89
67
61
86
64
58
78
56
50
80
57
52
76
59
50
70
55
45
77
59
51
84
66
60
82
63
58
79
61
56
86
67
63
89
71
70
79
63
63
75
61
63
77
66
69
77
69
72
73
67
70
70
65
68
65
60
65
65
60
65
59
54
58
52
47
51
52
48
51
55
51
53
53
49
51
49
44
47
51
46
49
53
49
51
54
50
52
56
52
54
58
54
56
55
56
57
50
58
57
51
57
57
50
55
56
50
54
56
54
56
60
60
60
65
67
65
71
64
59
68
56
48
58
49
40
52
47
36
49
45
33
47
44
31
46
50
40
44
50
40
42
45
36
36
43
33
33
48
37
36
52
41
37
51
39
35
53
41
35
55
43
35
59
47
37
61
49
39
60
48
38
57
45
33
54
41
29
59
43
30
61
46
33
60
47
33
58
44
31
56
42
30
57
42
32
60
45
37
62
46
38
60
44
37
64
48
42
61
45
38
54
39
33
63
49
43
73
61
55
77
68
61
81
70
63
84
73
66
100
89
82
120
109
101
143
131
123
156
143
135
129
116
107
105
93
83
135
120
111
134
119
109
95
81
69
78
64
53
115
99
79
99
82
62
77
60
41
82
66
47
83
64
46
86
67
49
84
64
47
67
47
31
81
61
46
82
61
47
97
74
62
94
70
59
72
49
38
82
60
48
84
64
47
78
58
42
81
62
48
83
65
50
71
55
40
62
46
31
68
51
36
79
60
45
69
50
33
90
67
49
118
94
73
83
57
34
68
42
18
128
102
78
136
109
82
104
76
44
140
110
71
233
205
153
237
204
141
217
182
107
220
185
100
232
194
101
239
200
100
234
195
90
223
184
77
217
178
70
210
171
63
211
177
65
208
176
63
203
172
58
202
172
59
218
189
76
212
185
71
213
186
71
203
175
61
215
184
71
220
187
74
223
187
75
232
194
83
233
193
81
223
185
73
225
191
78
220
186
72
206
172
58
205
172
56
218
188
70
220
190
71
216
187
67
225
196
74
231
203
79
231
205
81
41
57
80
46
62
85
52
68
91
54
70
93
49
65
88
45
61
84
46
62
85
48
64
87
57
73
96
57
73
96
52
68
91
50
66
89
40
56
79
33
48
75
20
35
68
37
52
85
68
83
116
51
66
99
55
70
103
69
86
119
63
80
113
38
55
88
84
102
135
93
112
145
63
82
115
79
98
131
91
110
143
87
108
145
69
92
130
62
86
122
57
79
113
51
73
105
43
64
94
48
69
97
54
74
101
62
79
106
48
62
90
32
44
74
30
41
72
32
42
75
37
46
80
43
55
90
57
69
103
62
74
108
72
86
116
95
109
137
99
113
141
75
90
116
49
64
90
42
56
83
41
55
83
50
64
93
61
74
105
64
76
110
58
72
106
52
69
102
47
66
97
67
87
118
119
141
169
198
222
250
190
216
241
170
199
221
183
210
231
203
229
249
211
237
254
211
235
252
213
235
251
213
233
250
209
226
248
210
226
249
203
217
240
196
207
231
203
211
235
208
211
235
200
199
222
186
184
204
180
173
190
177
168
180
198
187
196
208
194
200
215
201
204
180
166
167
153
130
123
182
163
150
210
193
173
221
207
181
193
182
153
179
168
138
186
173
146
213
196
175
194
175
157
199
177
159
191
168
147
178
156
128
159
138
104
125
106
74
78
60
36
52
33
12
44
25
6
46
25
11
63
41
32
82
60
55
86
63
62
78
56
57
80
58
60
95
72
76
88
67
70
77
56
59
81
60
63
86
71
70
79
66
64
75
60
59
77
61
62
75
59
61
77
60
63
84
67
71
80
64
71
71
56
65
63
51
62
61
52
63
61
54
65
58
53
65
53
51
63
58
54
66
63
59
71
63
59
71
61
57
69
63
59
70
63
60
69
57
54
63
49
47
55
51
49
55
51
49
55
50
48
54
52
50
56
55
53
59
52
53
59
49
53
58
52
56
61
55
59
64
58
59
67
62
61
70
66
64
74
63
57
68
55
47
59
50
40
53
49
39
52
49
36
52
47
34
50
49
34
51
52
44
48
51
45
46
45
39
38
42
35
34
46
38
35
51
41
35
49
39
32
46
35
27
51
40
30
56
44
34
57
45
34
56
44
32
54
40
28
52
38
26
61
45
33
64
48
36
64
48
36
60
44
32
55
39
30
55
40
32
59
43
36
64
48
41
64
48
41
61
46
40
66
52
46
71
56
53
60
45
42
57
44
39
68
58
51
76
66
59
86
76
69
107
95
89
110
99
92
113
102
94
139
127
119
148
135
127
147
135
125
155
142
132
142
127
118
106
91
82
89
74
65
116
102
82
103
88
69
77
62
43
74
59
40
72
56
37
78
61
43
77
59
42
62
43
28
61
42
28
60
40
28
79
59
48
89
68
59
80
59
51
87
66
57
85
66
53
79
61
48
76
58
47
70
54
42
61
45
33
60
44
32
71
55
43
92
75
63
83
65
50
92
71
56
127
104
88
76
52
35
69
44
28
192
168
149
204
176
158
135
105
81
176
146
111
255
242
194
248
220
162
224
189
118
218
181
99
228
189
98
233
194
94
229
190
85
222
183
75
216
177
68
214
176
65
211
177
63
201
170
55
197
167
52
203
174
59
220
192
77
209
182
68
202
175
61
190
163
49
206
176
63
213
179
66
218
182
69
229
191
79
233
193
81
223
184
72
222
188
75
219
185
72
207
173
59
205
171
57
216
186
68
217
187
68
210
181
61
214
185
64
221
192
69
224
197
73
41
57
80
46
62
85
52
68
91
54
70
93
49
65
88
45
61
84
46
62
85
48
64
87
57
73
96
57
73
96
52
68
91
50
66
89
40
56
79
33
48
75
20
35
68
37
52
85
68
83
116
51
66
99
55
70
103
69
86
119
63
80
113
38
55
88
84
102
135
93
112
145
63
82
115
79
98
131
91
110
143
87
108
145
69
92
130
62
86
122
57
79
113
51
73
105
43
64
94
48
69
97
54
74
101
62
79
106
48
62
90
32
44
74
30
41
72
32
42
75
37
46
80
43
55
90
57
69
103
62
74
108
72
86
116
95
109
137
99
113
141
75
90
116
49
64
90
42
56
83
41
55
83
50
64
93
61
74
105
64
76
110
58
72
106
52
69
102
47
66
97
67
87
118
119
141
169
198
222
250
190
216
241
170
199
221
183
210
231
203
229
249
211
237
254
211
235
252
213
235
251
213
233
250
209
226
248
210
226
249
203
217
240
196
207
231
203
211
235
208
211
235
200
199
222
186
184
204
180
173
190
177
168
180
198
187
196
208
194
200
215
201
204
180
166
167
153
130
123
182
163
150
210
193
173
221
207
181
193
182
153
179
168
138
186
173
146
213
196
175
194
175
157
199
177
159
191
168
147
178
156
128
159
138
104
125
106
74
78
60
36
52
33
12
44
25
6
46
25
11
63
41
32
82
60
55
86
63
62
78
56
57
80
58
60
95
72
76
88
67
70
77
56
59
81
60
63
86
71
70
79
66
64
75
60
59
77
61
62
75
59
61
77
60
63
84
67
71
80
64
71
71
56
65
63
51
62
61
52
63
61
54
65
58
53
65
53
51
63
58
54
66
63
59
71
63
59
71
61
57
69
63
59
70
63
60
69
57
54
63
49
47
55
51
49
55
51
49
55
50
48
54
52
50
56
55
53
59
52
53
59
49
53
58
52
56
61
55
59
64
58
59
67
62
61
70
66
64
74
63
57
68
55
47
59
50
40
53
49
39
52
49
36
52
47
34
50
49
34
51
52
44
48
51
45
46
45
39
38
42
35
34
46
38
35
51
41
35
49
39
32
46
35
27
51
40
30
56
44
34
57
45
34
56
44
32
54
40
28
52
38
26
61
45
33
64
48
36
64
48
36
60
44
32
55
39
30
55
40
32
59
43
36
64
48
41
64
48
41
61
46
40
66
52
46
71
56
53
60
45
42
57
44
39
68
58
51
76
66
59
86
76
69
107
95
89
110
99
92
113
102
94
139
127
119
148
135
127
147
135
125
155
142
132
142
127
118
106
91
82
89
74
65
116
102
82
103
88
69
77
62
43
74
59
40
72
56
37
78
61
43
77
59
42
62
43
28
61
42
28
60
40
28
79
59
48
89
68
59
80
59
51
87
66
57
85
66
53
79
61
48
76
58
47
70
54
42
61
45
33
60
44
32
71
55
43
92
75
63
83
65
50
92
71
56
127
104
88
76
52
35
69
44
28
192
168
149
204
176
158
135
105
81
176
146
111
255
242
194
248
220
162
224
189
118
218
181
99
228
189
98
233
194
94
229
190
85
222
183
75
216
177
68
214
176
65
211
177
63
201
170
55
197
167
52
203
174
59
220
192
77
209
182
68
202
175
61
190
163
49
206
176
63
213
179
66
218
182
69
229
191
79
233
193
81
223
184
72
222
188
75
219
185
72
207
173
59
205
171
57
216
186
68
217
187
68
210
181
61
214
185
64
221
192
69
224
197
73
44
61
83
52
69
91
61
77
99
59
75
97
48
65
86
44
61
83
49
66
87
48
64
86
45
61
83
37
53
75
31
47
69
31
47
69
33
49
71
37
52
78
48
61
94
67
80
113
91
105
138
79
94
126
56
72
105
54
70
104
43
60
93
38
55
88
82
99
132
89
108
141
86
105
138
94
113
146
92
111
144
84
105
142
67
90
128
62
86
122
58
80
114
59
81
113
55
76
105
56
76
103
52
71
98
59
76
103
52
65
94
30
41
71
22
32
64
34
43
76
44
53
87
55
67
102
60
72
106
53
66
99
51
65
95
63
77
105
67
82
108
55
70
96
44
59
85
38
53
80
37
51
78
43
57
86
52
65
97
57
70
103
61
75
107
62
80
112
35
55
86
62
83
112
138
160
188
202
227
253
194
220
243
169
197
219
176
204
224
198
225
245
209
235
252
210
234
251
212
234
250
213
233
250
209
226
247
208
224
247
203
217
240
199
210
234
204
211
236
206
209
233
199
200
221
190
188
208
182
175
192
178
169
183
200
189
199
204
190
196
216
202
204
189
175
177
153
130
123
178
159
146
216
199
179
223
210
183
210
199
169
186
175
145
184
171
145
218
202
182
194
176
160
179
159
142
147
126
107
124
103
77
102
82
52
88
68
42
77
58
41
70
52
36
79
59
48
78
59
50
79
58
54
81
59
60
80
57
61
75
53
59
77
55
64
88
66
76
86
66
76
82
61
71
85
65
74
79
65
68
70
58
61
67
53
57
69
55
60
72
56
64
75
59
67
78
61
71
76
61
73
72
60
74
67
57
72
61
54
70
57
52
69
55
53
71
56
55
72
50
46
64
55
51
68
56
52
69
56
52
69
59
56
71
59
56
69
57
55
67
59
57
68
59
57
67
56
55
64
54
52
61
54
53
62
58
57
65
54
55
64
50
52
62
58
59
69
63
64
74
65
64
75
64
61
72
64
59
71
56
48
62
48
38
53
46
34
49
47
34
50
47
32
49
46
30
48
49
31
49
49
42
45
49
44
44
43
39
38
41
35
32
46
38
33
50
41
35
50
41
32
45
35
25
50
39
29
54
42
31
53
41
29
50
37
25
50
36
24
51
36
24
57
41
29
62
46
34
62
46
35
58
42
32
54
38
29
55
39
31
56
40
33
57
40
34
56
40
35
57
42
38
68
53
49
76
61
59
64
49
46
58
45
42
66
56
51
71
60
55
94
84
77
135
124
117
126
114
108
99
88
81
115
104
96
149
137
129
164
151
143
152
139
129
134
121
111
113
99
90
104
89
80
104
89
71
101
86
67
84
69
50
79
64
45
78
63
44
94
78
60
101
85
68
80
63
48
65
47
34
55
37
26
64
45
36
71
52
44
65
46
38
68
48
41
80
62
51
76
58
48
72
55
45
65
50
40
60
44
35
57
43
34
69
55
45
100
85
75
94
77
65
73
55
41
95
75
61
70
48
32
68
44
28
180
154
139
192
163
149
125
95
75
129
100
69
167
140
96
161
129
72
187
152
83
202
165
84
213
174
84
219
180
81
219
180
75
217
178
69
215
176
66
221
182
69
206
172
58
198
165
51
197
167
52
207
178
63
223
195
80
206
179
64
194
167
52
187
158
44
205
174
61
211
178
65
214
178
65
225
187
75
230
191
79
222
184
71
222
188
75
217
183
70
202
168
54
198
164
50
210
180
62
214
184
65
208
178
59
209
179
59
214
185
63
218
192
68
46
63
84
55
72
93
64
81
102
61
78
99
48
65
86
44
61
82
50
67
88
48
65
86
39
56
77
28
45
66
22
39
60
23
40
61
30
47
68
39
54
80
59
71
105
80
92
126
100
114
148
90
105
138
57
72
105
49
64
97
34
51
84
38
55
88
81
98
131
87
106
139
96
115
148
101
120
153
92
111
144
83
104
141
67
90
128
62
86
122
59
81
115
63
85
116
60
81
110
59
79
106
51
70
97
58
75
102
54
67
96
29
40
70
19
29
61
35
44
77
47
56
90
60
72
107
61
73
107
50
62
95
42
56
86
50
64
92
54
69
95
47
62
88
42
57
83
37
52
78
35
49
77
40
54
83
49
62
93
55
68
100
62
77
108
67
85
116
31
50
81
60
81
110
147
169
197
205
230
254
196
222
245
168
196
219
174
202
222
196
223
243
208
234
251
210
234
250
212
234
250
213
233
250
209
226
247
207
223
246
203
217
240
201
212
236
204
212
236
205
208
233
199
200
222
192
190
210
183
176
193
179
169
184
201
190
200
202
189
194
216
202
205
193
179
181
153
130
123
177
157
144
219
202
182
224
211
185
217
206
176
189
178
148
183
170
145
220
205
185
195
177
161
171
152
135
129
109
91
101
81
56
78
59
30
72
53
29
77
58
43
78
60
47
93
74
66
92
73
67
86
65
64
80
59
62
77
54
61
73
52
61
76
54
65
85
64
76
86
66
78
84
64
76
87
67
79
76
63
68
66
55
60
64
50
56
66
52
59
71
56
65
74
58
69
76
59
72
75
60
74
73
61
77
69
59
76
62
55
73
55
52
71
55
53
73
57
56
76
47
42
63
52
47
67
53
49
68
54
50
69
58
55
72
58
55
70
58
55
69
64
62
74
62
60
72
59
58
68
55
54
64
56
55
65
59
58
68
55
55
66
51
52
64
60
60
72
67
67
79
69
66
78
66
62
74
63
57
71
53
44
60
45
34
50
44
31
47
46
33
49
47
31
48
46
28
47
49
30
49
48
42
44
48
44
43
43
39
37
41
35
32
46
39
33
50
42
35
50
41
32
45
35
25
50
39
29
54
42
30
51
39
27
48
35
23
48
34
22
50
36
24
56
40
28
61
45
33
62
45
35
58
41
32
54
37
28
54
38
31
55
39
32
53
37
31
53
37
33
56
41
38
69
54
51
78
63
61
65
50
48
59
46
43
66
55
51
69
58
54
97
87
81
146
136
129
133
121
115
94
83
76
106
95
87
150
137
129
172
159
151
150
138
128
131
119
109
116
103
93
110
95
86
99
84
66
101
86
67
87
72
53
81
66
47
81
66
47
101
85
67
111
95
78
88
72
56
66
49
37
54
36
25
59
40
31
64
45
38
60
41
34
61
41
35
78
60
50
75
57
49
70
53
44
63
48
39
59
43
36
56
43
35
68
54
46
104
89
80
98
83
72
65
48
35
82
63
50
68
47
31
68
44
28
175
148
135
187
158
145
121
91
73
110
80
51
131
98
56
125
91
35
172
137
68
195
159
78
207
169
78
214
175
76
215
176
70
215
176
67
215
176
65
224
184
72
205
170
56
196
163
49
197
167
52
209
180
65
225
197
82
205
178
63
191
164
49
186
157
42
204
173
60
210
177
64
212
176
64
224
186
74
230
190
78
222
184
71
223
189
76
216
182
69
200
166
52
196
162
48
208
178
60
213
183
64
207
177
58
207
177
57
211
182
61
216
190
66
50
67
88
55
72
93
62
79
100
61
78
99
50
68
89
45
63
83
49
66
87
47
64
85
37
54
75
27
44
65
22
39
60
25
42
63
35
52
73
46
61
87
68
81
114
84
96
130
96
110
143
86
101
134
53
68
101
46
61
94
31
48
81
35
52
85
75
92
125
84
102
135
101
120
153
102
121
154
92
111
144
82
104
141
65
88
126
57
81
117
52
74
108
58
80
111
57
78
107
57
76
104
52
71
98
55
72
99
53
66
94
33
44
74
28
38
69
44
53
86
51
60
94
60
71
107
59
71
104
49
61
94
43
56
86
48
62
90
49
64
90
42
57
83
38
53
79
34
49
75
33
47
74
37
51
80
47
60
91
54
67
99
62
77
108
66
84
115
29
47
78
60
81
109
151
173
201
204
229
254
195
221
244
166
195
217
173
200
221
195
222
242
208
233
250
209
234
249
211
233
250
213
233
250
209
227
248
207
223
246
203
217
240
200
212
236
203
211
236
204
207
232
198
200
222
191
190
210
182
175
192
178
168
183
200
189
199
200
187
193
215
201
204
194
180
182
154
131
124
179
159
146
222
205
185
224
211
185
219
207
178
191
180
150
183
170
145
212
197
178
186
169
153
160
141
125
117
97
80
95
75
51
80
61
32
75
56
32
77
58
43
78
60
48
93
74
66
92
72
67
86
65
65
81
60
64
77
55
62
74
53
62
76
55
67
85
63
76
86
66
79
85
65
77
86
66
79
76
63
69
68
56
63
67
53
60
69
55
63
73
58
68
75
59
71
74
58
71
72
57
72
72
60
77
68
59
77
60
54
73
53
50
70
53
52
73
57
56
76
49
44
66
52
48
69
52
48
68
53
49
69
57
54
72
58
55
70
57
55
69
62
60
73
61
60
72
58
57
68
55
54
65
56
55
66
61
60
70
58
58
69
56
56
68
64
64
77
70
70
82
70
67
80
64
60
72
59
53
67
50
41
57
43
32
48
42
29
45
45
31
47
46
29
47
46
28
46
49
30
49
47
40
43
46
42
41
42
37
35
39
34
30
44
38
31
49
41
34
49
40
32
45
35
25
50
40
29
53
41
29
50
38
26
47
34
22
47
34
21
50
36
23
54
38
26
59
43
31
61
44
34
57
40
31
54
37
28
54
38
31
55
39
32
52
36
30
50
35
31
55
40
37
67
52
49
73
58
56
64
49
47
61
48
45
67
56
52
71
60
56
102
92
85
155
145
138
142
130
124
102
90
84
111
100
92
153
140
132
171
158
150
148
136
126
132
120
110
119
106
96
109
94
85
98
83
66
103
89
70
90
75
56
81
66
47
78
64
45
97
82
64
108
93
76
87
71
56
65
48
35
52
35
24
57
38
29
63
44
37
60
41
34
60
40
34
76
58
48
74
56
47
70
53
44
64
48
40
60
44
37
56
43
35
68
55
46
106
92
83
101
85
75
66
49
37
80
61
49
68
46
31
65
42
26
167
141
128
180
151
139
115
85
67
99
69
41
118
86
45
116
82
29
164
129
61
192
156
75
206
168
77
213
174
75
213
174
69
214
175
66
214
175
64
224
184
71
204
169
55
196
163
49
199
169
54
212
182
68
226
199
84
205
178
63
190
164
49
188
159
44
206
175
62
212
179
66
213
177
65
224
186
74
230
190
78
223
184
72
224
190
77
217
183
70
200
166
52
195
161
47
207
177
60
213
184
65
208
178
59
207
177
57
211
182
61
217
190
67
67
84
105
56
73
94
55
72
93
62
79
100
61
78
99
52
69
90
46
63
84
43
60
81
27
44
65
20
37
58
22
39
60
33
50
71
57
74
95
73
89
114
107
119
153
103
115
149
78
93
126
71
86
119
34
49
82
34
49
82
18
34
67
26
43
76
51
68
101
70
87
120
120
139
172
106
125
158
90
109
142
82
104
141
57
80
118
37
61
97
26
48
82
39
61
92
46
67
96
48
67
94
54
73
100
43
60
87
48
61
89
51
62
92
65
75
107
81
90
123
67
76
109
59
71
106
51
63
97
45
58
91
45
58
88
41
55
83
30
45
71
20
35
61
20
35
61
22
37
63
24
38
66
29
43
72
39
53
82
54
67
99
63
78
110
65
83
114
20
33
64
60
79
107
167
189
217
202
227
252
189
216
240
161
190
212
169
196
216
192
219
239
205
231
248
208
232
248
210
233
249
212
233
250
214
231
252
210
226
249
202
216
239
199
210
234
200
208
232
200
204
229
198
200
222
192
190
210
180
173
191
175
165
180
197
185
195
193
179
186
212
198
202
198
184
186
158
136
127
187
166
153
235
218
197
225
211
185
227
216
186
201
190
160
185
171
147
181
165
148
152
135
121
115
97
83
70
52
35
69
51
28
87
70
43
87
69
47
76
58
47
78
60
52
92
73
68
91
71
71
88
67
71
86
66
72
79
57
68
77
57
69
81
60
75
84
63
78
87
68
83
88
69
84
82
63
78
76
63
73
75
64
74
77
63
74
80
66
78
84
69
82
79
64
78
67
54
69
59
45
63
68
56
77
67
59
80
56
50
73
46
43
67
47
47
71
55
55
79
57
53
78
54
50
74
48
45
67
47
45
66
54
52
72
58
56
74
56
55
71
57
56
72
57
57
71
56
56
70
55
55
67
59
59
71
67
67
79
71
71
84
75
75
89
82
82
96
86
83
98
76
71
86
58
53
68
47
38
54
40
30
46
36
22
40
32
18
36
39
22
40
42
23
42
45
25
44
52
32
51
40
35
38
38
36
35
36
32
29
33
29
25
38
33
27
45
38
30
47
38
28
48
38
28
54
42
30
53
41
29
47
36
22
43
31
17
46
33
19
49
36
22
47
31
19
53
36
26
57
40
31
55
38
29
53
35
28
55
39
32
55
39
33
46
30
25
41
25
22
53
38
35
60
45
43
53
38
36
60
45
43
71
58
55
75
64
60
79
68
64
121
111
104
191
181
174
180
169
162
135
123
117
132
120
113
165
152
144
169
156
148
138
125
116
136
124
114
129
117
107
103
89
80
96
82
64
114
100
81
100
86
67
79
65
46
66
52
33
83
69
51
96
82
64
87
72
57
60
44
31
48
32
21
50
33
25
58
40
33
64
44
39
58
38
33
68
49
41
69
52
44
68
51
44
65
49
42
62
49
41
55
42
34
69
56
48
118
104
96
112
96
87
71
53
43
75
55
44
67
45
33
54
32
19
137
111
100
152
123
113
91
61
45
55
24
0
68
36
3
79
45
4
132
97
29
182
144
65
203
166
76
209
170
71
209
170
65
210
171
61
211
172
59
224
184
71
201
167
51
198
165
51
208
177
62
223
193
78
234
206
91
208
181
66
191
164
49
197
168
53
216
186
72
220
187
74
218
182
69
227
189
77
233
193
81
227
188
76
231
196
85
220
186
73
199
165
52
193
159
45
208
177
62
217
187
69
213
183
64
209
180
59
211
182
61
219
192
71
67
84
105
56
73
94
55
72
93
62
79
100
61
78
99
52
69
90
46
63
84
43
60
81
27
44
65
20
37
58
22
39
60
33
50
71
57
74
95
73
89
114
107
119
153
103
115
149
78
93
126
71
86
119
34
49
82
34
49
82
18
34
67
26
43
76
51
68
101
70
87
120
120
139
172
106
125
158
90
109
142
82
104
141
57
80
118
37
61
97
26
48
82
39
61
92
46
67
96
48
67
94
54
73
100
43
60
87
48
61
89
51
62
92
65
75
107
81
90
123
67
76
109
59
71
106
51
63
97
45
58
91
45
58
88
41
55
83
30
45
71
20
35
61
20
35
61
22
37
63
24
38
66
29
43
72
39
53
82
54
67
99
63
78
110
65
83
114
20
33
64
60
79
107
167
189
217
202
227
252
189
216
240
161
190
212
169
196
216
192
219
239
205
231
248
208
232
248
210
233
249
212
233
250
214
231
252
210
226
249
202
216
239
199
210
234
200
208
232
200
204
229
198
200
222
192
190
210
180
173
191
175
165
180
197
185
195
193
179
186
212
198
202
198
184
186
158
136
127
187
166
153
235
218
197
225
211
185
227
216
186
201
190
160
185
171
147
181
165
148
152
135
121
115
97
83
70
52
35
69
51
28
87
70
43
87
69
47
76
58
47
78
60
52
92
73
68
91
71
71
88
67
71
86
66
72
79
57
68
77
57
69
81
60
75
84
63
78
87
68
83
88
69
84
82
63
78
76
63
73
75
64
74
77
63
74
80
66
78
84
69
82
79
64
78
67
54
69
59
45
63
68
56
77
67
59
80
56
50
73
46
43
67
47
47
71
55
55
79
57
53
78
54
50
74
48
45
67
47
45
66
54
52
72
58
56
74
56
55
71
57
56
72
57
57
71
56
56
70
55
55
67
59
59
71
67
67
79
71
71
84
75
75
89
82
82
96
86
83
98
76
71
86
58
53
68
47
38
54
40
30
46
36
22
40
32
18
36
39
22
40
42
23
42
45
25
44
52
32
51
40
35
38
38
36
35
36
32
29
33
29
25
38
33
27
45
38
30
47
38
28
48
38
28
54
42
30
53
41
29
47
36
22
43
31
17
46
33
19
49
36
22
47
31
19
53
36
26
57
40
31
55
38
29
53
35
28
55
39
32
55
39
33
46
30
25
41
25
22
53
38
35
60
45
43
53
38
36
60
45
43
71
58
55
75
64
60
79
68
64
121
111
104
191
181
174
180
169
162
135
123
117
132
120
113
165
152
144
169
156
148
138
125
116
136
124
114
129
117
107
103
89
80
96
82
64
114
100
81
100
86
67
79
65
46
66
52
33
83
69
51
96
82
64
87
72
57
60
44
31
48
32
21
50
33
25
58
40
33
64
44
39
58
38
33
68
49
41
69
52
44
68
51
44
65
49
42
62
49
41
55
42
34
69
56
48
118
104
96
112
96
87
71
53
43
75
55
44
67
45
33
54
32
19
137
111
100
152
123
113
91
61
45
55
24
0
68
36
3
79
45
4
132
97
29
182
144
65
203
166
76
209
170
71
209
170
65
210
171
61
211
172
59
224
184
71
201
167
51
198
165
51
208
177
62
223
193
78
234
206
91
208
181
66
191
164
49
197
168
53
216
186
72
220
187
74
218
182
69
227
189
77
233
193
81
227
188
76
231
196
85
220
186
73
199
165
52
193
159
45
208
177
62
217
187
69
213
183
64
209
180
59
211
182
61
219
192
71
83
97
116
69
83
101
61
76
93
61
77
93
57
74
89
48
64
80
40
57
73
35
52
70
30
46
65
30
47
67
35
51
73
33
49
73
73
88
114
100
116
144
104
119
150
97
112
142
70
86
116
48
64
94
36
52
84
26
44
75
18
35
67
20
37
70
28
47
80
57
75
110
112
131
165
112
131
165
80
99
133
55
74
110
34
53
91
23
42
79
32
50
85
47
64
98
48
64
96
43
58
89
47
63
94
45
62
90
49
66
94
53
72
99
60
80
107
64
85
112
58
80
107
57
73
99
47
62
88
39
54
79
34
49
73
28
42
66
22
37
61
22
35
61
17
29
56
14
26
53
15
26
55
25
35
65
40
50
79
53
63
94
55
66
99
51
64
99
16
29
62
54
73
103
157
179
207
201
229
252
192
222
244
171
202
222
168
198
217
194
222
242
207
231
251
208
227
250
212
228
253
215
229
253
212
225
251
210
223
251
206
217
245
201
209
239
203
206
238
204
204
237
201
198
229
194
186
214
182
170
193
181
167
185
197
181
192
209
192
197
221
204
205
207
189
187
149
137
121
175
164
146
219
209
189
215
207
185
212
205
182
192
184
163
143
133
117
126
116
106
105
93
87
87
73
71
75
61
63
79
64
68
81
66
70
78
64
68
73
61
64
73
61
65
82
70
75
81
68
75
73
61
68
72
60
69
71
58
68
70
58
69
73
59
72
74
61
75
75
62
77
75
62
77
73
59
75
68
60
72
67
61
71
69
61
72
72
65
76
74
66
78
70
63
75
63
56
69
60
53
66
63
57
71
63
57
72
58
54
69
56
52
67
56
53
68
58
55
70
56
53
71
59
56
73
56
53
71
53
50
67
55
52
69
59
57
73
61
58
74
63
60
75
65
63
77
67
65
80
66
63
78
65
63
77
71
69
83
76
74
88
80
79
91
88
86
99
89
86
99
70
67
81
47
44
59
35
30
45
31
25
41
32
25
42
33
27
43
37
29
46
42
34
51
43
35
52
40
32
49
38
32
39
39
34
38
40
34
36
39
34
34
40
35
32
40
35
28
39
33
24
42
36
26
51
43
31
54
46
33
49
42
29
45
36
23
45
34
23
47
36
25
46
32
23
48
34
25
49
34
26
49
34
27
49
34
28
52
37
33
52
36
33
47
32
29
42
27
26
47
31
31
57
41
42
54
38
39
58
42
43
68
53
55
73
60
61
79
67
67
110
99
98
152
143
141
144
136
133
136
127
123
146
138
132
175
165
159
175
164
157
145
133
126
134
121
112
115
100
92
97
81
73
105
88
76
107
91
77
104
89
74
85
71
57
69
58
43
78
67
53
79
69
54
52
42
28
55
44
31
63
50
39
63
49
38
59
42
32
63
46
36
71
53
42
65
51
35
67
54
38
63
50
35
59
44
30
66
51
38
60
44
33
66
51
39
103
88
75
95
78
64
70
52
36
83
65
47
86
69
49
73
56
34
125
103
93
148
125
122
105
80
72
58
32
16
67
38
11
85
53
16
116
82
27
161
126
58
197
162
81
217
182
88
209
175
72
200
165
56
201
167
53
210
177
60
216
178
66
208
171
60
216
180
69
226
189
79
232
197
84
216
182
69
193
160
47
197
163
49
213
180
65
221
187
72
218
185
69
220
187
71
227
194
78
231
197
82
232
197
83
220
186
73
198
164
50
195
161
47
207
176
62
213
182
68
208
178
64
202
172
59
205
176
63
211
183
71
91
103
121
75
88
104
65
78
94
61
76
90
56
72
85
46
62
75
38
54
68
32
48
65
31
47
65
35
52
72
41
57
80
34
49
75
81
95
123
113
129
158
104
120
149
95
111
140
67
83
112
38
54
83
37
53
85
23
41
72
19
36
68
18
35
68
18
37
70
51
70
105
108
127
162
115
134
169
75
94
129
42
60
97
23
41
78
17
33
70
35
51
87
51
65
100
50
63
96
41
54
87
44
59
91
46
63
92
49
68
97
54
76
103
58
82
107
56
83
107
54
82
106
57
74
95
46
63
84
36
53
74
29
44
66
22
36
58
19
33
56
23
35
62
16
27
54
10
21
49
11
21
50
24
32
62
40
48
78
53
61
91
52
61
94
45
56
93
14
27
61
51
70
101
153
174
203
200
229
252
194
225
246
175
207
226
168
199
218
195
223
244
209
231
253
208
224
251
213
226
255
216
226
255
211
223
251
211
222
252
208
217
248
202
208
241
204
205
241
207
204
240
203
197
232
195
184
216
183
169
194
184
168
187
197
179
190
216
197
202
226
206
206
211
192
187
145
138
119
170
163
143
212
205
185
211
205
186
206
200
181
189
182
165
124
116
104
102
94
87
83
74
72
74
63
67
77
65
76
84
71
87
78
64
83
74
62
78
72
63
73
70
61
71
78
69
79
76
67
77
67
58
68
66
57
67
68
59
69
68
58
69
69
59
71
70
60
73
70
59
75
70
59
75
68
57
74
65
59
72
63
59
70
65
61
72
68
64
75
69
65
76
66
62
73
62
58
69
61
57
68
61
57
68
61
57
68
60
56
67
60
56
67
60
56
67
60
56
67
56
53
68
61
58
73
60
57
72
55
52
67
56
53
68
60
57
72
63
60
75
65
62
77
68
65
80
72
69
84
70
67
82
68
65
80
73
70
85
78
76
90
83
81
93
90
88
100
90
88
100
68
66
78
42
39
54
30
27
42
26
23
38
30
27
43
34
31
47
36
33
49
42
39
55
43
40
56
36
33
49
38
32
40
40
33
40
42
35
40
43
36
38
41
36
34
37
34
27
36
31
22
40
36
25
50
44
31
54
48
35
51
45
32
46
38
25
44
35
25
46
36
27
46
33
25
46
33
25
45
32
24
46
33
26
48
34
28
51
36
33
51
36
33
48
33
31
43
28
27
44
27
30
56
39
42
55
38
41
57
40
44
66
51
55
72
59
62
80
67
69
105
94
96
134
126
127
128
120
119
136
129
126
152
146
141
179
170
166
178
168
161
149
137
130
133
119
111
108
92
85
95
77
70
109
91
81
104
88
76
105
90
78
88
74
62
71
60
48
76
67
54
71
63
50
36
28
15
54
45
32
70
59
47
69
56
44
59
44
32
63
47
35
76
60
47
63
52
32
66
55
36
61
49
31
56
41
25
67
52
36
62
46
33
65
49
34
97
81
65
87
70
53
69
52
33
87
70
49
96
80
56
82
67
41
119
100
89
147
126
126
111
89
85
60
36
24
66
39
15
88
57
21
109
76
26
152
118
56
194
161
83
221
187
96
209
177
75
195
163
53
197
166
50
204
174
55
223
183
73
213
174
65
220
181
72
227
188
79
231
193
82
220
182
70
195
158
46
197
161
47
211
177
63
221
188
72
218
187
69
217
187
69
225
195
77
233
202
85
232
197
83
220
186
72
197
163
49
196
162
48
208
176
63
211
180
67
206
176
65
199
169
59
203
174
65
208
179
71
89
101
119
74
87
103
63
76
92
59
74
88
53
69
82
44
60
73
35
52
65
29
45
61
30
47
65
36
53
73
41
57
79
35
50
76
86
101
129
117
133
162
104
120
149
98
114
143
72
88
117
40
56
86
39
55
86
26
44
75
22
39
72
18
35
68
16
34
67
48
67
102
103
121
157
107
126
161
69
88
123
37
56
92
23
40
78
20
36
73
38
53
89
50
65
99
49
62
95
42
55
87
46
61
92
48
65
94
51
70
99
55
77
103
56
81
106
52
80
104
50
77
101
53
70
91
42
59
80
34
51
72
28
43
65
21
35
58
19
33
56
22
35
61
16
26
54
10
21
49
11
21
51
24
32
62
41
49
79
55
63
93
55
64
97
46
58
95
15
28
62
51
70
101
153
175
203
202
231
253
195
226
246
176
207
227
168
199
218
195
222
243
208
230
253
208
225
251
213
226
254
216
226
254
211
222
250
210
222
251
207
217
247
201
207
241
203
204
239
206
203
239
204
198
233
198
187
220
182
169
194
182
167
185
197
179
190
217
198
203
225
206
206
209
190
186
146
139
120
171
164
145
213
206
186
209
202
183
198
192
173
178
171
155
115
107
95
96
88
81
82
73
71
75
64
68
78
65
77
82
69
85
77
63
82
73
61
77
69
61
71
68
60
70
76
67
77
75
66
76
66
57
67
66
57
67
68
59
69
68
58
69
68
59
71
70
60
73
70
59
75
70
59
75
69
58
75
66
61
73
64
60
71
65
61
72
68
64
75
69
65
76
65
62
72
61
57
68
61
57
68
61
57
68
61
57
68
60
56
67
60
56
67
60
56
67
60
56
67
56
53
68
62
59
74
61
58
73
56
53
68
56
53
69
61
58
73
63
60
75
66
63
78
69
66
80
72
69
84
70
67
82
68
65
80
74
70
85
79
76
89
82
80
92
88
86
98
88
85
98
67
64
77
43
40
55
31
28
43
29
26
41
32
29
45
35
32
48
36
33
49
41
39
54
43
40
56
36
33
49
38
31
40
40
33
40
42
36
41
44
37
39
41
37
34
38
34
28
37
32
23
41
37
26
50
44
31
54
48
35
50
44
32
46
39
26
45
36
25
47
37
27
47
34
26
47
34
25
46
33
25
47
33
27
48
34
28
51
36
33
52
37
34
50
35
33
46
30
30
46
29
31
55
39
42
53
36
39
55
38
41
62
47
51
70
57
59
78
65
68
99
88
89
126
118
119
123
116
115
128
121
118
145
138
134
176
167
163
178
168
161
145
132
126
126
111
104
104
88
81
98
80
73
113
95
84
105
89
77
104
89
77
87
74
61
71
61
48
77
68
55
76
68
55
46
38
25
62
53
40
73
62
50
69
55
43
61
46
34
66
49
38
74
57
44
63
52
32
66
55
36
61
49
31
55
41
24
66
51
36
62
46
33
65
48
34
95
78
63
86
68
52
70
53
34
86
69
48
92
76
52
81
65
39
121
102
91
152
131
131
121
99
95
67
43
32
68
41
17
90
60
24
112
79
30
150
116
53
190
157
80
220
186
95
208
177
75
195
163
53
196
165
49
204
174
55
224
185
75
215
176
67
222
183
74
226
187
78
230
191
80
220
182
71
198
161
49
198
162
49
211
177
63
221
188
73
219
188
71
218
188
70
224
194
76
231
200
83
232
197
83
221
187
73
199
165
51
196
162
49
208
176
63
212
180
68
206
176
65
200
171
61
203
174
65
208
179
71
81
93
111
67
80
97
57
70
86
51
66
80
43
59
72
33
49
62
24
41
54
15
31
47
29
46
64
42
59
79
41
57
80
43
58
83
113
127
155
136
150
179
108
124
153
115
131
160
94
110
139
54
70
99
48
64
96
42
60
91
39
56
88
20
37
70
4
22
55
35
54
89
77
96
131
70
89
124
38
57
92
17
35
71
21
37
74
35
51
88
50
64
100
49
62
98
46
58
92
46
59
92
56
69
101
59
76
105
61
80
108
58
80
106
48
73
98
36
63
87
29
57
81
35
52
73
27
44
65
23
40
61
21
36
59
18
32
55
19
33
56
22
35
61
14
25
53
12
23
51
13
23
53
25
34
64
44
52
82
64
72
102
67
76
109
56
67
104
17
31
65
51
70
102
157
179
207
209
238
255
199
230
249
178
209
229
168
199
218
192
219
240
207
230
252
210
228
253
215
227
255
214
225
255
208
221
249
209
221
251
207
216
247
198
204
237
194
197
232
202
199
235
210
204
239
215
204
236
182
169
194
175
160
178
196
179
190
219
202
207
222
204
204
201
182
180
151
144
125
179
172
153
216
210
191
196
190
171
162
155
138
130
123
108
74
66
54
71
64
57
78
68
67
83
71
76
80
68
79
74
61
77
72
57
78
68
56
72
60
52
62
59
51
61
68
60
70
68
60
70
62
54
64
64
56
66
68
60
70
68
60
71
68
60
71
69
60
74
71
61
77
73
63
79
75
65
81
74
69
81
71
67
78
67
63
74
66
62
73
65
61
72
62
58
69
59
55
66
63
59
70
63
59
70
63
59
70
62
58
69
62
58
69
61
57
68
61
57
68
60
57
72
65
62
77
64
61
76
60
57
72
61
58
73
65
62
77
67
64
79
68
65
80
70
67
82
72
69
84
71
68
83
69
66
81
75
72
87
80
77
91
79
77
89
79
77
89
75
73
85
60
58
70
44
41
56
39
36
51
40
37
52
43
40
55
41
38
54
38
35
51
40
37
53
42
39
55
37
34
50
37
30
41
42
35
42
48
42
46
49
43
44
45
40
38
41
37
31
40
35
26
46
42
31
50
46
35
53
47
36
50
44
33
47
41
30
48
39
29
50
41
31
53
40
32
52
39
31
50
37
29
51
37
30
52
38
32
53
38
35
57
42
40
64
49
47
58
42
42
53
37
38
54
37
40
45
28
31
43
26
29
46
31
35
60
47
49
72
61
63
71
60
62
92
84
84
103
95
94
92
85
82
109
103
99
162
154
150
176
168
161
124
112
105
91
77
69
88
72
65
112
94
87
130
112
102
112
96
84
99
84
72
83
70
58
71
61
48
83
74
61
99
91
78
93
84
71
103
94
81
87
76
64
67
54
42
73
57
45
77
61
49
63
46
33
60
49
29
66
54
36
63
50
33
53
39
23
62
46
33
62
46
33
64
47
34
84
68
53
80
62
46
74
57
38
81
64
43
73
57
34
76
61
35
129
111
100
177
156
156
168
146
141
105
81
69
79
51
27
103
73
37
128
95
46
139
105
43
176
143
65
216
182
91
208
176
75
192
160
51
192
161
45
202
172
54
230
192
83
226
187
78
229
190
81
223
184
75
224
185
76
221
184
73
214
177
65
206
170
57
214
180
66
224
190
76
226
195
78
225
195
77
223
193
75
223
192
75
230
196
82
224
190
76
206
172
58
198
164
51
211
179
66
215
184
71
207
177
66
207
178
68
208
179
70
210
181
73
81
93
111
67
80
97
57
70
86
51
66
80
43
59
72
33
49
62
24
41
54
15
31
47
29
46
64
42
59
79
41
57
80
43
58
83
113
127
155
136
150
179
108
124
153
115
131
160
94
110
139
54
70
99
48
64
96
42
60
91
39
56
88
20
37
70
4
22
55
35
54
89
77
96
131
70
89
124
38
57
92
17
35
71
21
37
74
35
51
88
50
64
100
49
62
98
46
58
92
46
59
92
56
69
101
59
76
105
61
80
108
58
80
106
48
73
98
36
63
87
29
57
81
35
52
73
27
44
65
23
40
61
21
36
59
18
32
55
19
33
56
22
35
61
14
25
53
12
23
51
13
23
53
25
34
64
44
52
82
64
72
102
67
76
109
56
67
104
17
31
65
51
70
102
157
179
207
209
238
255
199
230
249
178
209
229
168
199
218
192
219
240
207
230
252
210
228
253
215
227
255
214
225
255
208
221
249
209
221
251
207
216
247
198
204
237
194
197
232
202
199
235
210
204
239
215
204
236
182
169
194
175
160
178
196
179
190
219
202
207
222
204
204
201
182
180
151
144
125
179
172
153
216
210
191
196
190
171
162
155
138
130
123
108
74
66
54
71
64
57
78
68
67
83
71
76
80
68
79
74
61
77
72
57
78
68
56
72
60
52
62
59
51
61
68
60
70
68
60
70
62
54
64
64
56
66
68
60
70
68
60
71
68
60
71
69
60
74
71
61
77
73
63
79
75
65
81
74
69
81
71
67
78
67
63
74
66
62
73
65
61
72
62
58
69
59
55
66
63
59
70
63
59
70
63
59
70
62
58
69
62
58
69
61
57
68
61
57
68
60
57
72
65
62
77
64
61
76
60
57
72
61
58
73
65
62
77
67
64
79
68
65
80
70
67
82
72
69
84
71
68
83
69
66
81
75
72
87
80
77
91
79
77
89
79
77
89
75
73
85
60
58
70
44
41
56
39
36
51
40
37
52
43
40
55
41
38
54
38
35
51
40
37
53
42
39
55
37
34
50
37
30
41
42
35
42
48
42
46
49
43
44
45
40
38
41
37
31
40
35
26
46
42
31
50
46
35
53
47
36
50
44
33
47
41
30
48
39
29
50
41
31
53
40
32
52
39
31
50
37
29
51
37
30
52
38
32
53
38
35
57
42
40
64
49
47
58
42
42
53
37
38
54
37
40
45
28
31
43
26
29
46
31
35
60
47
49
72
61
63
71
60
62
92
84
84
103
95
94
92
85
82
109
103
99
162
154
150
176
168
161
124
112
105
91
77
69
88
72
65
112
94
87
130
112
102
112
96
84
99
84
72
83
70
58
71
61
48
83
74
61
99
91
78
93
84
71
103
94
81
87
76
64
67
54
42
73
57
45
77
61
49
63
46
33
60
49
29
66
54
36
63
50
33
53
39
23
62
46
33
62
46
33
64
47
34
84
68
53
80
62
46
74
57
38
81
64
43
73
57
34
76
61
35
129
111
100
177
156
156
168
146
141
105
81
69
79
51
27
103
73
37
128
95
46
139
105
43
176
143
65
216
182
91
208
176
75
192
160
51
192
161
45
202
172
54
230
192
83
226
187
78
229
190
81
223
184
75
224
185
76
221
184
73
214
177
65
206
170
57
214
180
66
224
190
76
226
195
78
225
195
77
223
193
75
223
192
75
230
196
82
224
190
76
206
172
58
198
164
51
211
179
66
215
184
71
207
177
66
207
178
68
208
179
70
210
181
73
73
85
103
62
74
92
53
65
82
46
59
75
35
50
64
25
41
54
21
37
51
23
39
55
31
47
65
39
55
76
34
50
73
50
65
91
130
143
172
146
160
188
110
124
153
100
116
145
73
89
118
40
56
85
40
56
86
35
51
83
29
47
78
11
28
61
5
22
55
39
57
91
71
89
125
60
79
114
41
60
95
37
54
91
42
58
95
51
65
102
55
69
105
52
65
100
53
65
98
61
72
105
57
70
102
58
73
102
57
74
103
49
70
97
37
60
86
23
49
73
13
41
65
24
41
62
19
36
57
18
35
56
19
35
57
18
33
56
20
33
58
22
35
61
15
27
54
15
26
54
15
25
54
20
30
60
37
45
75
60
69
99
68
77
110
56
68
105
16
23
57
38
55
86
141
165
193
202
231
253
199
229
250
179
211
230
166
197
216
188
215
236
205
227
251
210
228
253
214
227
254
212
222
252
208
221
250
207
220
249
204
214
244
198
205
238
194
197
232
198
197
232
207
201
236
211
203
234
184
172
197
179
165
183
197
181
192
216
201
206
224
209
208
213
196
193
173
166
149
174
167
150
184
178
161
153
146
130
118
111
95
96
90
76
63
56
45
80
72
66
86
77
77
87
77
83
80
68
79
71
58
74
67
52
73
66
54
70
61
53
63
60
51
61
66
58
68
67
59
69
62
54
64
65
57
67
70
62
72
71
63
74
69
61
73
69
60
74
71
61
77
74
64
80
76
66
82
77
72
84
74
70
81
68
64
75
66
62
73
65
61
72
63
59
70
61
57
68
65
61
72
66
62
73
66
62
73
65
61
72
65
61
72
64
60
71
64
60
70
61
58
73
66
63
78
65
62
77
61
58
73
63
60
75
67
64
79
68
65
80
69
66
81
70
67
82
72
69
84
71
68
83
68
65
80
74
71
86
76
73
87
70
68
80
64
62
74
59
57
69
49
46
59
41
38
53
41
38
53
44
41
56
44
41
56
40
37
52
34
31
48
36
33
49
38
35
51
35
32
48
38
31
42
44
36
45
50
44
49
51
45
47
47
42
41
43
39
34
43
38
30
49
44
35
50
45
35
51
45
34
49
42
32
47
41
31
49
40
31
51
41
32
53
41
33
52
40
32
51
39
32
51
38
32
51
38
34
52
39
35
55
42
39
63
49
48
61
47
47
58
43
44
59
44
46
51
36
38
51
36
39
54
40
42
54
41
43
69
58
60
98
87
89
111
103
103
105
98
98
96
91
88
115
109
105
156
149
144
168
159
154
143
132
125
136
122
115
130
115
107
125
108
101
117
100
89
98
83
71
86
72
60
81
68
56
74
63
51
83
74
61
110
102
89
141
133
120
107
98
85
70
59
47
61
48
36
73
59
47
75
59
47
62
46
33
63
51
33
71
58
41
69
56
40
60
46
31
69
53
40
73
57
45
71
54
41
80
63
50
79
63
47
75
57
40
79
62
42
76
59
37
78
62
38
120
102
92
166
145
144
167
145
139
105
81
67
77
50
26
115
85
49
144
110
61
127
93
30
156
122
47
204
170
80
206
173
73
192
160
51
191
160
44
201
171
52
225
187
78
226
187
79
229
190
82
218
179
70
221
183
74
227
190
79
234
197
85
224
189
76
219
185
71
218
185
71
223
192
76
229
198
82
230
199
84
230
199
83
233
200
86
228
193
80
210
176
62
194
162
48
212
180
67
220
188
77
205
175
64
202
172
62
202
173
64
202
174
65
69
81
99
59
71
89
50
63
80
43
56
72
30
46
59
21
37
50
19
35
49
27
43
60
32
48
66
37
54
74
31
47
69
53
68
94
138
152
180
151
165
193
111
125
154
93
109
138
63
79
108
34
50
79
36
52
82
32
48
79
24
42
73
7
24
57
6
23
56
41
60
93
67
86
121
56
75
110
43
62
97
47
64
101
53
69
106
59
73
109
58
71
107
54
66
101
57
68
102
68
79
111
58
71
103
58
72
101
55
72
100
45
65
92
31
53
80
16
42
66
6
34
58
19
36
57
16
33
54
16
33
54
18
34
56
19
33
56
21
34
60
23
36
62
16
28
55
17
28
56
16
26
55
18
28
58
33
41
71
59
67
97
69
78
111
56
69
105
15
20
53
31
48
79
133
157
185
199
227
252
198
229
250
180
211
231
166
196
216
186
213
234
204
226
251
210
228
253
214
227
254
211
221
251
209
222
250
205
219
248
202
213
243
198
205
239
195
198
233
196
196
231
205
200
235
210
202
233
185
174
199
182
168
186
197
182
193
215
201
205
226
211
210
220
203
200
184
177
162
171
164
149
169
162
147
132
125
110
96
89
74
80
73
60
57
51
41
84
76
71
90
81
81
90
80
86
80
68
79
69
56
72
65
50
71
65
53
69
61
53
63
60
52
62
65
57
67
66
58
68
62
54
64
66
58
68
71
63
74
72
64
75
70
61
74
69
60
74
71
61
77
74
64
80
77
67
83
79
73
86
75
71
82
69
65
76
66
62
73
64
60
71
63
59
70
62
58
69
67
63
74
67
63
74
68
64
75
67
63
74
66
62
73
65
61
72
65
61
72
62
59
74
67
64
79
66
63
78
63
60
75
65
62
77
69
66
81
69
66
81
70
67
82
70
67
82
72
69
84
70
67
82
68
65
80
73
70
85
74
72
85
66
64
76
57
55
67
50
48
60
43
41
54
40
37
52
42
39
54
46
43
58
44
41
56
39
36
51
33
30
46
34
31
47
36
33
49
35
32
48
38
31
42
45
37
47
52
45
51
52
47
48
49
43
42
45
41
36
45
39
32
51
46
37
50
45
35
50
44
33
48
42
32
48
41
32
50
41
32
51
42
33
53
42
34
53
42
34
51
40
33
51
39
33
51
39
35
51
39
35
55
42
39
62
49
48
63
49
50
60
46
47
62
48
50
54
40
42
56
42
44
58
44
46
51
38
40
68
57
59
112
101
103
120
112
112
107
100
100
99
94
92
118
112
108
153
147
142
164
155
151
153
142
135
158
145
138
151
136
129
132
115
108
111
94
83
92
76
64
79
65
53
80
67
55
75
64
52
83
74
61
115
107
94
166
158
145
109
100
87
62
51
39
58
45
33
74
60
48
74
58
46
61
46
33
64
52
34
73
60
43
73
60
44
63
50
35
72
56
44
79
63
51
74
58
45
78
61
48
79
63
48
75
57
41
78
61
42
77
60
39
79
63
40
116
97
88
160
139
138
166
144
139
105
82
67
77
49
25
121
91
55
152
118
69
121
87
25
146
112
37
199
165
75
204
172
72
192
160
51
190
159
43
200
170
51
223
185
75
227
188
80
229
190
82
216
177
68
220
182
73
230
193
83
244
207
95
233
199
86
222
188
74
216
184
69
221
190
75
230
199
84
234
203
88
234
202
87
235
201
87
230
196
82
213
179
65
193
160
47
212
180
67
223
191
81
205
175
64
199
169
60
199
170
61
199
170
62
67
79
97
58
70
88
50
62
79
42
55
71
30
45
59
21
37
50
20
36
50
30
46
62
33
48
66
38
54
74
32
49
71
57
72
98
139
153
180
148
162
190
110
124
152
91
106
135
61
77
106
33
49
78
36
52
82
31
47
79
24
42
73
11
28
61
11
28
61
41
60
93
64
83
118
56
75
110
47
67
102
52
68
105
55
71
107
59
73
109
58
71
107
54
66
101
56
67
101
64
75
107
56
69
101
55
69
98
51
68
96
42
61
89
30
52
78
16
41
66
7
34
58
20
37
58
17
34
55
17
34
55
19
35
57
20
34
57
22
35
60
23
36
62
17
29
56
18
29
57
16
26
56
17
27
57
30
38
68
55
63
93
66
75
108
55
68
105
15
21
54
32
49
80
133
157
185
199
227
252
198
229
250
180
211
231
165
195
216
186
213
234
204
226
251
210
228
253
214
227
253
211
221
251
209
222
251
205
219
248
202
213
243
199
206
240
196
199
234
196
196
231
203
198
233
207
200
231
183
173
197
179
166
185
194
179
190
214
199
204
227
212
212
222
206
203
183
176
162
164
157
143
157
150
136
122
115
101
91
84
70
79
73
60
59
53
43
82
74
70
86
77
78
85
75
81
77
65
77
69
56
72
66
51
72
66
54
70
63
55
65
61
53
63
66
58
68
66
59
69
63
55
65
66
58
68
71
64
74
72
64
76
70
61
74
69
60
74
70
61
77
74
64
80
76
66
82
78
73
85
75
71
82
69
65
76
66
62
73
65
61
73
64
61
72
64
60
71
68
64
75
68
64
75
69
64
76
68
64
75
67
63
74
66
62
73
66
61
73
61
58
73
67
64
78
65
63
78
63
59
75
65
62
77
69
66
81
69
66
81
69
66
82
70
67
82
72
69
84
70
67
82
67
64
79
71
68
83
73
70
84
64
63
74
55
53
65
49
47
58
42
40
53
40
37
52
42
40
54
45
42
57
43
40
56
39
36
51
33
30
46
34
31
47
36
33
49
35
32
48
39
31
43
45
37
47
51
44
50
52
46
48
49
44
43
45
41
37
45
39
33
51
45
37
50
44
35
50
43
33
48
42
32
48
41
32
49
41
32
50
41
33
52
41
34
52
41
33
51
40
33
51
39
33
51
39
35
51
39
35
53
41
38
60
47
46
62
49
50
60
47
48
63
49
51
57
43
45
59
45
47
60
46
48
52
39
41
70
59
61
109
98
100
118
110
110
109
102
102
101
96
94
114
108
104
150
144
139
166
157
153
155
144
138
159
145
138
150
135
128
129
112
105
108
92
81
91
76
64
80
66
54
81
68
56
73
63
50
77
68
55
108
100
87
158
149
137
103
94
81
60
50
37
61
48
36
75
61
49
73
57
45
59
44
30
64
52
34
72
59
43
72
59
44
64
51
36
73
57
45
80
64
52
75
58
46
77
60
48
79
63
48
74
56
40
77
60
41
81
64
43
80
64
41
109
91
81
148
127
126
155
133
128
100
77
62
77
49
25
122
92
56
150
117
68
119
84
23
142
108
33
194
160
70
203
170
71
193
161
52
190
159
44
200
170
51
221
182
74
225
186
79
228
189
81
215
176
67
220
182
73
229
192
82
245
208
96
233
199
86
221
187
74
215
183
68
221
190
75
230
199
84
234
203
88
235
203
88
237
203
89
231
197
83
213
179
66
192
160
47
212
180
67
224
192
81
205
175
64
200
170
61
199
170
61
199
170
62
58
69
89
53
65
83
47
59
77
39
51
68
26
41
57
19
35
49
25
40
56
44
60
77
36
52
70
41
55
76
42
58
81
77
92
118
141
155
183
133
147
175
104
118
146
79
93
121
51
67
96
31
47
76
37
52
82
31
46
78
28
45
77
32
49
82
41
58
91
46
65
98
51
70
103
59
78
113
70
89
124
76
91
127
69
83
119
60
74
110
60
72
107
59
69
103
51
61
95
41
52
85
47
58
90
41
55
84
31
48
77
25
45
73
21
43
70
17
40
66
12
36
62
24
41
62
23
39
62
24
40
63
25
41
64
24
40
63
26
39
65
26
38
65
22
33
61
25
36
64
20
30
59
10
20
50
12
22
52
34
43
73
51
61
93
53
66
102
16
26
60
37
55
86
134
157
186
196
224
249
197
229
250
179
211
232
163
194
215
183
211
232
202
225
249
209
227
252
212
225
253
210
221
251
211
226
254
204
218
247
199
212
242
204
213
246
203
207
242
195
196
231
192
190
222
194
188
219
177
167
192
168
156
176
175
162
175
205
191
197
234
220
222
236
223
221
180
171
161
127
119
108
96
88
76
70
63
53
64
58
47
76
70
60
70
62
56
73
65
64
64
55
58
59
48
57
61
50
63
68
56
74
72
60
80
73
64
80
71
66
75
68
63
72
69
64
73
68
63
72
65
60
70
68
62
73
72
66
77
73
66
78
70
63
76
69
62
75
68
61
76
69
62
77
71
64
79
75
70
83
74
70
82
72
68
80
70
66
78
71
67
79
72
68
80
72
68
80
73
69
81
73
69
81
74
70
82
73
69
81
72
68
80
70
66
78
69
65
77
61
58
73
66
63
78
65
62
77
63
60
75
66
63
78
69
66
81
69
66
81
70
67
82
70
67
82
72
69
84
70
67
82
64
61
76
64
61
76
65
63
76
56
54
66
44
42
54
39
37
49
38
35
50
39
36
51
43
40
55
42
39
54
39
36
51
36
33
48
32
29
44
33
30
45
35
32
47
37
34
49
42
35
47
45
37
47
48
41
48
51
44
49
51
45
46
48
43
41
44
40
36
50
44
37
47
42
34
47
41
32
49
41
34
49
41
34
47
39
32
46
36
32
49
39
32
49
39
32
48
38
31
48
38
31
49
38
34
49
38
34
47
35
33
49
37
36
59
47
47
62
50
50
68
55
56
69
56
58
76
63
65
70
57
59
61
48
50
81
69
71
96
85
87
105
97
97
124
117
117
113
108
106
96
90
87
135
129
125
177
168
164
171
160
153
162
149
143
146
131
125
116
100
94
97
81
70
91
75
63
84
70
58
87
74
62
65
55
42
44
35
22
68
60
47
114
106
93
69
61
48
55
44
32
76
62
50
83
69
57
64
48
36
46
30
18
62
49
33
68
55
40
72
59
45
69
55
43
79
63
51
88
71
62
79
61
51
76
58
47
81
64
52
66
50
34
74
57
40
101
84
64
86
69
48
73
55
44
83
62
61
97
76
69
75
52
37
78
50
27
127
97
62
143
110
62
106
71
14
120
86
12
171
136
49
195
162
63
197
165
57
194
163
50
196
166
49
210
171
64
220
180
74
225
185
79
210
171
63
219
181
73
228
190
82
250
213
103
233
198
88
218
183
72
212
179
66
219
187
74
230
198
85
235
204
89
239
207
93
245
211
97
236
202
89
218
184
71
189
157
44
212
180
67
228
196
86
208
178
68
206
176
67
204
175
66
201
172
64
58
69
89
53
65
83
47
59
77
39
51
68
26
41
57
19
35
49
25
40
56
44
60
77
36
52
70
41
55
76
42
58
81
77
92
118
141
155
183
133
147
175
104
118
146
79
93
121
51
67
96
31
47
76
37
52
82
31
46
78
28
45
77
32
49
82
41
58
91
46
65
98
51
70
103
59
78
113
70
89
124
76
91
127
69
83
119
60
74
110
60
72
107
59
69
103
51
61
95
41
52
85
47
58
90
41
55
84
31
48
77
25
45
73
21
43
70
17
40
66
12
36
62
24
41
62
23
39
62
24
40
63
25
41
64
24
40
63
26
39
65
26
38
65
22
33
61
25
36
64
20
30
59
10
20
50
12
22
52
34
43
73
51
61
93
53
66
102
16
26
60
37
55
86
134
157
186
196
224
249
197
229
250
179
211
232
163
194
215
183
211
232
202
225
249
209
227
252
212
225
253
210
221
251
211
226
254
204
218
247
199
212
242
204
213
246
203
207
242
195
196
231
192
190
222
194
188
219
177
167
192
168
156
176
175
162
175
205
191
197
234
220
222
236
223
221
180
171
161
127
119
108
96
88
76
70
63
53
64
58
47
76
70
60
70
62
56
73
65
64
64
55
58
59
48
57
61
50
63
68
56
74
72
60
80
73
64
80
71
66
75
68
63
72
69
64
73
68
63
72
65
60
70
68
62
73
72
66
77
73
66
78
70
63
76
69
62
75
68
61
76
69
62
77
71
64
79
75
70
83
74
70
82
72
68
80
70
66
78
71
67
79
72
68
80
72
68
80
73
69
81
73
69
81
74
70
82
73
69
81
72
68
80
70
66
78
69
65
77
61
58
73
66
63
78
65
62
77
63
60
75
66
63
78
69
66
81
69
66
81
70
67
82
70
67
82
72
69
84
70
67
82
64
61
76
64
61
76
65
63
76
56
54
66
44
42
54
39
37
49
38
35
50
39
36
51
43
40
55
42
39
54
39
36
51
36
33
48
32
29
44
33
30
45
35
32
47
37
34
49
42
35
47
45
37
47
48
41
48
51
44
49
51
45
46
48
43
41
44
40
36
50
44
37
47
42
34
47
41
32
49
41
34
49
41
34
47
39
32
46
36
32
49
39
32
49
39
32
48
38
31
48
38
31
49
38
34
49
38
34
47
35
33
49
37
36
59
47
47
62
50
50
68
55
56
69
56
58
76
63
65
70
57
59
61
48
50
81
69
71
96
85
87
105
97
97
124
117
117
113
108
106
96
90
87
135
129
125
177
168
164
171
160
153
162
149
143
146
131
125
116
100
94
97
81
70
91
75
63
84
70
58
87
74
62
65
55
42
44
35
22
68
60
47
114
106
93
69
61
48
55
44
32
76
62
50
83
69
57
64
48
36
46
30
18
62
49
33
68
55
40
72
59
45
69
55
43
79
63
51
88
71
62
79
61
51
76
58
47
81
64
52
66
50
34
74
57
40
101
84
64
86
69
48
73
55
44
83
62
61
97
76
69
75
52
37
78
50
27
127
97
62
143
110
62
106
71
14
120
86
12
171
136
49
195
162
63
197
165
57
194
163
50
196
166
49
210
171
64
220
180
74
225
185
79
210
171
63
219
181
73
228
190
82
250
213
103
233
198
88
218
183
72
212
179
66
219
187
74
230
198
85
235
204
89
239
207
93
245
211
97
236
202
89
218
184
71
189
157
44
212
180
67
228
196
86
208
178
68
206
176
67
204
175
66
201
172
64
54
64
83
49
60
79
44
56
74
38
50
68
28
41
58
23
38
53
29
43
60
42
58
74
38
54
72
48
63
83
55
69
92
84
99
125
128
141
169
106
120
148
80
94
122
73
87
115
62
77
106
43
57
86
39
55
84
34
49
80
34
50
82
41
59
90
44
61
94
29
47
80
39
57
90
70
89
123
88
107
142
93
108
143
80
93
129
57
70
106
48
58
93
49
59
93
49
58
92
45
55
88
45
55
87
35
48
77
27
42
71
25
43
72
27
47
75
25
47
73
20
43
69
28
45
68
30
46
69
30
46
69
30
45
69
29
44
69
28
42
68
27
40
66
24
36
64
28
40
68
24
34
63
12
22
52
9
19
49
27
37
67
45
56
88
59
72
108
33
47
81
61
80
112
149
173
201
199
229
253
198
229
251
181
213
235
165
196
218
183
210
233
202
225
250
209
227
253
212
225
253
212
223
252
211
225
254
204
219
248
201
214
244
203
213
246
201
207
241
196
199
233
196
195
227
190
186
216
182
175
199
181
171
190
193
182
195
220
207
214
223
211
214
193
180
180
135
126
118
94
86
77
78
70
61
69
61
53
69
62
55
80
73
67
75
68
65
73
65
66
63
55
59
58
48
58
61
51
64
69
57
75
73
62
81
73
65
81
70
68
77
66
64
73
66
64
73
65
63
72
63
61
71
65
62
73
68
65
76
68
64
77
67
63
77
67
63
77
66
62
77
66
62
77
66
62
77
73
69
81
74
71
83
75
70
82
74
70
82
75
70
82
75
71
83
76
72
84
76
72
84
76
72
84
77
73
85
77
73
85
75
71
83
73
69
81
71
67
79
63
60
75
67
64
79
66
62
78
64
61
76
67
64
79
69
67
81
69
66
81
69
66
82
71
67
83
74
71
86
71
68
83
62
59
74
59
56
71
61
58
73
56
54
68
47
44
58
45
42
56
45
43
57
45
42
57
45
42
57
43
40
55
41
38
53
40
37
52
39
36
51
38
35
50
39
36
51
40
37
52
46
39
50
44
36
47
43
35
44
46
40
45
50
44
45
48
43
42
44
39
36
48
42
36
47
41
35
48
42
36
50
43
37
51
42
37
47
39
34
44
35
31
46
37
30
47
38
31
47
38
32
47
38
33
48
38
34
48
38
35
46
36
33
48
38
37
58
48
48
59
49
49
63
51
53
63
51
54
69
58
60
70
58
60
70
58
60
96
84
86
112
103
104
113
105
105
121
115
114
104
99
97
76
71
68
113
106
103
159
150
146
149
139
133
135
123
117
128
113
107
110
94
88
92
76
65
93
77
65
89
76
64
88
76
64
61
52
39
35
26
13
54
46
33
68
60
46
65
56
43
60
50
37
64
53
40
75
61
49
72
56
44
54
39
27
55
43
28
57
45
31
64
50
37
64
50
39
72
56
47
79
61
54
70
52
44
68
50
41
77
60
49
66
49
35
71
54
38
100
83
65
87
70
50
70
51
41
71
51
48
89
68
61
90
67
52
100
72
48
131
101
66
132
99
51
106
71
12
114
79
6
154
119
32
188
154
57
202
169
63
198
166
54
192
162
45
210
170
65
220
179
75
224
185
79
209
170
64
222
183
76
220
181
74
235
199
90
209
174
65
206
172
61
213
180
69
225
193
81
230
197
85
225
195
81
230
198
85
245
211
98
237
205
91
222
190
77
196
163
52
214
182
70
224
193
82
205
175
65
207
177
68
204
175
66
200
171
63
52
61
81
48
57
77
43
54
73
37
49
67
29
42
58
24
39
55
31
46
62
41
56
73
40
55
73
53
67
88
62
76
99
88
103
129
120
134
162
91
105
133
67
81
109
70
84
112
69
83
111
49
63
92
40
56
85
35
51
81
36
53
84
46
64
95
46
63
96
20
37
70
33
51
84
76
95
129
98
117
152
103
117
153
86
98
134
55
67
103
41
51
85
44
54
88
49
58
92
48
57
90
44
53
86
33
44
74
24
39
68
25
42
71
30
50
77
29
51
78
24
47
73
31
48
71
33
49
72
34
50
73
32
48
73
31
46
72
29
44
70
28
41
67
25
37
65
31
42
70
26
36
66
13
23
53
8
18
48
24
34
64
41
53
85
62
76
112
42
59
92
74
94
125
158
182
210
202
232
255
199
230
252
182
214
237
166
197
220
183
210
234
203
226
250
209
227
254
212
225
253
214
224
253
211
225
254
204
220
249
202
216
245
203
214
246
201
208
241
197
200
234
198
197
230
189
185
214
185
179
203
188
179
198
203
193
206
228
216
224
218
207
210
169
157
157
110
102
95
76
68
61
69
61
54
69
61
54
73
64
60
82
76
71
78
71
69
73
65
67
63
55
60
58
48
59
62
52
65
70
58
76
74
62
82
73
66
82
70
69
78
66
65
74
65
64
73
64
63
73
62
61
71
64
63
74
66
64
76
66
64
76
66
63
78
66
63
78
66
63
78
65
62
77
64
61
76
72
68
81
75
71
83
76
72
84
77
73
85
77
73
85
77
73
85
78
74
86
77
73
85
78
74
86
79
75
87
78
74
86
77
73
85
74
70
82
72
68
80
64
61
76
67
64
79
66
63
78
64
61
76
67
64
79
70
67
82
69
66
81
70
67
82
71
68
83
74
71
86
71
68
83
61
58
73
56
53
68
59
56
71
56
53
68
48
45
60
48
45
60
50
47
62
48
45
60
47
44
59
44
41
56
42
39
54
42
39
54
43
40
55
42
39
54
41
38
53
42
39
54
48
41
53
44
36
47
41
33
42
44
38
43
50
44
46
49
44
43
44
39
36
47
41
36
47
41
36
49
43
38
52
44
40
52
43
39
48
39
35
43
34
31
44
36
29
45
37
30
47
38
33
47
38
34
48
39
35
48
39
36
46
37
34
48
39
37
59
49
49
58
48
48
61
50
52
60
49
51
66
55
57
70
58
60
75
63
65
104
93
95
120
112
113
117
110
110
119
114
113
99
94
92
66
61
58
101
94
91
150
141
137
138
127
123
121
108
104
119
104
98
107
91
85
89
73
62
94
78
66
92
79
67
88
77
65
60
51
38
30
22
9
46
38
25
43
35
22
62
54
41
62
53
40
58
47
35
70
57
45
76
60
48
59
44
32
51
40
26
52
39
26
59
45
33
62
47
37
69
53
45
74
56
49
65
48
40
64
46
38
76
57
47
66
49
36
70
54
38
100
82
65
87
70
51
68
50
39
65
45
41
85
64
56
99
76
61
112
84
60
133
103
68
127
94
46
106
72
12
111
76
3
145
109
24
184
151
54
205
172
66
200
169
56
190
160
43
209
170
65
220
179
76
224
185
79
209
170
64
223
184
78
215
177
70
228
191
83
196
160
52
200
166
56
214
181
71
229
196
86
230
197
85
220
190
77
225
194
81
245
212
99
238
206
93
225
193
80
200
167
57
215
182
72
221
191
80
204
173
63
208
177
68
204
175
66
200
171
62
51
59
80
47
56
76
42
53
72
37
49
67
29
42
59
25
40
56
31
46
62
42
57
73
41
56
74
52
66
87
59
73
95
83
98
124
115
129
157
87
101
129
63
78
105
66
81
109
66
80
108
48
62
91
40
56
84
35
50
80
35
52
83
44
63
93
44
62
94
19
36
69
35
52
85
77
96
129
96
114
149
100
114
149
86
97
133
56
68
104
41
51
85
43
53
87
49
57
92
49
58
91
44
53
86
33
44
74
25
39
68
27
43
72
31
50
78
29
51
78
24
47
73
31
48
71
33
50
73
34
50
73
32
48
73
31
46
73
29
44
71
28
40
67
25
37
65
31
42
70
27
37
67
15
25
55
11
20
51
26
36
66
43
54
87
63
77
113
43
59
93
72
92
124
155
178
207
199
229
253
199
229
252
183
215
238
166
197
220
182
209
233
202
226
250
209
227
254
212
225
253
213
225
253
210
225
254
204
220
249
203
216
246
202
213
245
200
207
240
198
201
235
199
199
231
191
188
217
187
181
205
188
179
199
200
190
203
220
209
217
208
197
200
157
146
146
103
95
89
75
67
60
70
62
56
70
62
56
73
64
60
80
74
70
77
70
69
73
66
68
66
58
64
62
52
63
65
54
68
70
58
76
73
61
81
72
66
81
69
68
77
65
64
73
64
63
72
63
62
72
62
61
71
64
63
73
65
63
76
65
63
76
65
63
78
66
63
78
66
63
78
65
62
77
64
62
77
72
68
81
75
71
84
77
73
85
77
73
85
77
73
85
77
73
85
78
74
86
77
73
85
79
74
86
79
75
87
79
74
87
77
73
85
74
70
82
72
68
80
65
61
77
68
65
80
66
63
78
64
61
76
68
65
80
70
67
82
69
66
81
69
66
81
70
67
82
74
71
86
71
68
83
61
58
72
55
52
67
58
55
70
56
53
68
49
46
61
49
46
61
50
48
63
48
45
61
47
44
59
44
41
56
42
39
54
42
40
54
43
41
55
42
39
54
41
38
52
42
39
54
48
41
53
44
36
47
40
33
42
44
38
43
49
44
45
48
43
43
44
39
36
47
41
36
48
42
37
49
43
39
52
44
40
52
43
39
48
38
36
43
34
31
44
37
30
45
38
31
47
38
33
47
39
34
48
39
35
48
39
36
46
37
35
49
40
39
59
49
49
58
49
49
60
49
51
59
49
50
65
54
56
69
58
60
73
62
64
102
91
93
122
114
115
118
111
111
116
112
110
100
95
93
71
66
63
102
95
92
147
138
134
137
126
122
122
109
105
121
105
100
108
92
86
89
73
62
94
79
67
93
80
68
87
77
65
60
51
38
33
25
12
49
40
28
46
38
26
63
55
43
62
53
40
56
45
33
68
54
42
75
59
48
62
47
35
52
41
27
52
39
27
59
45
34
62
47
38
68
52
45
73
55
48
64
47
39
63
45
37
75
57
47
68
51
39
70
54
38
97
80
62
87
70
51
72
54
43
69
50
45
87
66
58
100
77
62
111
84
60
130
100
65
125
91
44
108
73
13
111
76
3
143
107
22
183
150
53
205
172
67
201
169
57
190
160
43
209
169
64
219
178
75
224
184
78
210
171
65
225
186
80
215
177
69
226
190
82
195
159
51
199
165
55
214
181
71
228
196
86
229
197
85
221
190
78
225
194
82
244
211
98
238
205
93
226
194
82
203
170
60
216
184
74
220
190
79
202
172
62
207
176
67
204
174
65
200
171
63
46
54
77
42
50
73
40
49
69
37
48
67
32
44
62
33
46
62
38
53
69
47
61
78
49
64
82
47
62
83
39
53
76
52
66
91
83
97
125
68
82
110
45
59
87
44
58
86
49
63
91
42
56
84
39
53
82
31
47
76
28
44
74
34
51
83
33
51
82
14
31
64
44
61
94
85
102
135
84
102
135
83
97
131
81
91
125
62
72
106
42
51
85
40
48
82
51
58
92
62
69
102
45
52
85
33
43
75
31
43
72
35
50
79
38
55
84
32
52
81
24
45
73
32
49
75
34
51
77
35
51
77
34
49
75
34
49
75
32
46
74
27
41
69
28
40
68
34
46
74
33
45
74
27
37
67
26
36
66
39
49
79
53
65
97
70
85
121
44
62
96
62
83
114
134
158
188
185
215
241
197
228
253
189
221
244
169
200
223
178
207
231
201
224
249
210
228
254
214
227
254
215
227
254
205
222
250
205
223
252
205
220
250
196
208
240
194
203
235
201
207
240
209
212
244
205
203
232
198
194
218
188
182
201
178
171
184
172
164
173
143
134
138
84
76
77
64
55
52
66
58
55
80
73
70
82
74
73
74
66
66
73
65
66
72
66
67
78
71
75
86
78
87
88
79
91
80
70
86
71
61
78
68
57
77
66
61
75
62
65
72
61
63
71
59
61
69
59
60
70
59
60
71
60
60
72
60
60
73
60
60
74
63
63
77
65
65
79
67
67
81
67
67
81
67
67
81
76
72
85
80
76
88
81
77
89
80
76
88
78
74
86
77
73
85
78
74
86
79
75
87
80
76
88
81
77
89
80
76
88
79
75
87
76
72
84
73
69
81
69
66
81
70
67
82
68
65
80
67
64
79
70
67
82
71
68
83
69
66
81
68
65
80
68
65
80
72
69
84
69
66
81
59
56
71
53
50
65
54
51
66
54
51
66
51
48
63
56
53
68
56
53
68
50
47
62
46
44
57
45
43
55
45
43
55
47
45
57
48
46
58
44
42
54
40
38
50
41
39
51
49
42
55
43
37
48
39
32
41
42
35
42
47
41
45
47
42
43
44
39
39
45
40
37
51
44
41
54
47
44
54
47
44
53
44
43
50
40
40
46
36
36
44
38
33
46
40
35
48
42
37
49
43
38
50
43
40
50
43
40
51
44
41
58
51
49
64
56
56
58
50
50
55
47
47
52
44
45
55
47
48
63
54
55
65
54
56
89
78
80
131
123
123
126
118
118
104
99
98
105
100
98
102
97
94
111
104
101
130
121
118
130
119
115
131
117
114
133
117
114
110
93
90
88
71
63
98
83
74
99
85
75
83
72
62
61
51
41
51
42
32
65
56
46
71
62
52
73
64
54
60
50
40
45
34
24
51
37
28
71
56
47
81
65
55
57
45
33
52
40
30
59
46
38
64
48
41
65
49
43
65
48
42
60
41
36
56
38
32
73
54
47
84
65
55
73
56
43
79
62
46
87
69
52
97
79
68
97
78
72
102
82
72
111
88
72
110
82
59
111
81
46
111
78
31
118
82
25
113
78
7
133
96
12
180
146
51
211
177
73
206
173
63
190
159
45
205
165
61
214
174
71
221
182
78
214
175
71
237
198
94
213
176
70
218
182
75
185
149
42
194
161
52
215
182
73
228
197
87
226
196
85
223
193
82
229
198
87
236
203
93
237
204
94
235
202
92
221
188
78
222
192
81
211
180
71
193
162
53
199
168
59
202
172
63
202
173
65
46
54
77
42
50
73
40
49
69
37
48
67
32
44
62
33
46
62
38
53
69
47
61
78
49
64
82
47
62
83
39
53
76
52
66
91
83
97
125
68
82
110
45
59
87
44
58
86
49
63
91
42
56
84
39
53
82
31
47
76
28
44
74
34
51
83
33
51
82
14
31
64
44
61
94
85
102
135
84
102
135
83
97
131
81
91
125
62
72
106
42
51
85
40
48
82
51
58
92
62
69
102
45
52
85
33
43
75
31
43
72
35
50
79
38
55
84
32
52
81
24
45
73
32
49
75
34
51
77
35
51
77
34
49
75
34
49
75
32
46
74
27
41
69
28
40
68
34
46
74
33
45
74
27
37
67
26
36
66
39
49
79
53
65
97
70
85
121
44
62
96
62
83
114
134
158
188
185
215
241
197
228
253
189
221
244
169
200
223
178
207
231
201
224
249
210
228
254
214
227
254
215
227
254
205
222
250
205
223
252
205
220
250
196
208
240
194
203
235
201
207
240
209
212
244
205
203
232
198
194
218
188
182
201
178
171
184
172
164
173
143
134
138
84
76
77
64
55
52
66
58
55
80
73
70
82
74
73
74
66
66
73
65
66
72
66
67
78
71
75
86
78
87
88
79
91
80
70
86
71
61
78
68
57
77
66
61
75
62
65
72
61
63
71
59
61
69
59
60
70
59
60
71
60
60
72
60
60
73
60
60
74
63
63
77
65
65
79
67
67
81
67
67
81
67
67
81
76
72
85
80
76
88
81
77
89
80
76
88
78
74
86
77
73
85
78
74
86
79
75
87
80
76
88
81
77
89
80
76
88
79
75
87
76
72
84
73
69
81
69
66
81
70
67
82
68
65
80
67
64
79
70
67
82
71
68
83
69
66
81
68
65
80
68
65
80
72
69
84
69
66
81
59
56
71
53
50
65
54
51
66
54
51
66
51
48
63
56
53
68
56
53
68
50
47
62
46
44
57
45
43
55
45
43
55
47
45
57
48
46
58
44
42
54
40
38
50
41
39
51
49
42
55
43
37
48
39
32
41
42
35
42
47
41
45
47
42
43
44
39
39
45
40
37
51
44
41
54
47
44
54
47
44
53
44
43
50
40
40
46
36
36
44
38
33
46
40
35
48
42
37
49
43
38
50
43
40
50
43
40
51
44
41
58
51
49
64
56
56
58
50
50
55
47
47
52
44
45
55
47
48
63
54
55
65
54
56
89
78
80
131
123
123
126
118
118
104
99
98
105
100
98
102
97
94
111
104
101
130
121
118
130
119
115
131
117
114
133
117
114
110
93
90
88
71
63
98
83
74
99
85
75
83
72
62
61
51
41
51
42
32
65
56
46
71
62
52
73
64
54
60
50
40
45
34
24
51
37
28
71
56
47
81
65
55
57
45
33
52
40
30
59
46
38
64
48
41
65
49
43
65
48
42
60
41
36
56
38
32
73
54
47
84
65
55
73
56
43
79
62
46
87
69
52
97
79
68
97
78
72
102
82
72
111
88
72
110
82
59
111
81
46
111
78
31
118
82
25
113
78
7
133
96
12
180
146
51
211
177
73
206
173
63
190
159
45
205
165
61
214
174
71
221
182
78
214
175
71
237
198
94
213
176
70
218
182
75
185
149
42
194
161
52
215
182
73
228
197
87
226
196
85
223
193
82
229
198
87
236
203
93
237
204
94
235
202
92
221
188
78
222
192
81
211
180
71
193
162
53
199
168
59
202
172
63
202
173
65
46
53
77
40
48
71
38
46
67
37
47
67
35
46
65
36
49
66
42
56
73
51
66
83
52
66
85
41
55
76
28
42
65
34
47
73
67
80
107
68
81
108
51
65
92
37
51
79
40
54
82
42
56
84
45
59
87
38
53
82
36
52
81
40
55
87
39
56
87
30
47
79
46
63
96
63
80
113
55
73
106
50
62
96
57
67
101
62
71
105
53
62
96
46
53
88
43
49
82
40
46
79
40
47
80
36
45
77
34
44
75
34
48
78
35
52
81
32
51
79
27
48
76
33
50
77
36
53
80
36
52
79
34
50
77
36
51
78
34
48
77
30
44
72
30
43
71
35
47
76
35
47
76
33
44
74
36
46
76
49
59
89
59
71
103
67
82
118
29
47
81
39
59
91
111
136
166
175
204
231
195
226
251
191
223
247
167
198
222
170
198
223
195
218
244
209
227
253
214
228
253
212
224
251
204
220
249
206
224
253
204
219
250
196
208
241
198
208
240
204
210
242
202
205
237
193
194
222
163
160
184
131
126
145
109
102
116
104
97
107
100
92
98
76
68
72
66
57
57
72
63
64
81
73
74
79
71
73
71
63
65
70
62
66
67
60
65
64
56
63
73
65
75
79
71
83
78
70
85
74
65
82
74
65
83
72
67
81
67
69
76
65
67
75
64
65
74
62
63
73
62
62
74
62
62
75
62
61
76
62
62
77
64
63
79
67
66
81
69
69
83
71
71
85
72
72
86
77
74
88
80
77
90
80
76
90
77
74
88
75
72
86
75
72
86
77
74
88
76
73
87
78
74
88
79
76
90
79
75
89
76
73
87
73
69
83
70
67
81
69
66
81
70
67
82
67
64
79
66
63
78
69
66
81
69
66
81
66
63
78
63
60
75
63
60
75
66
63
78
65
62
77
56
53
68
51
49
64
51
47
63
48
45
60
48
45
60
53
50
65
53
49
65
46
44
58
43
41
53
44
42
53
44
42
54
45
43
55
47
45
57
42
40
51
38
37
47
40
39
49
47
41
54
46
39
51
43
36
46
43
37
45
45
40
44
46
41
42
46
41
41
46
40
39
51
45
43
55
47
46
53
46
45
50
42
42
48
39
41
48
39
39
45
40
36
46
41
37
48
42
39
49
43
40
49
44
40
49
43
40
50
45
43
59
53
52
64
58
57
56
50
49
54
48
47
52
46
45
54
48
48
53
45
45
54
44
45
67
57
58
76
68
68
81
75
74
90
85
84
107
102
101
124
118
117
134
127
124
146
137
134
131
119
116
115
102
99
115
100
97
103
85
84
102
86
78
120
105
96
118
105
95
88
77
67
62
53
43
58
51
40
62
55
45
76
69
58
65
58
47
61
51
41
60
49
39
58
45
36
62
47
38
69
54
45
59
47
36
56
43
34
65
52
44
67
52
46
65
49
45
66
49
45
63
45
41
59
40
34
74
55
48
89
70
61
75
58
46
76
59
44
84
67
51
92
74
63
91
72
65
90
71
59
95
72
56
98
71
46
98
68
33
104
69
24
120
83
27
114
78
9
132
96
13
181
146
53
213
179
77
211
178
69
199
168
54
201
162
58
209
169
66
217
178
75
214
175
71
242
204
100
215
178
73
218
182
75
192
157
50
199
166
57
216
184
75
228
196
87
227
197
87
230
199
89
237
206
95
234
201
92
233
200
91
232
200
91
227
195
86
224
194
84
208
177
68
197
166
57
206
175
66
214
183
75
217
188
80
45
52
77
39
46
71
36
45
67
38
47
67
37
48
66
39
51
69
45
58
76
54
68
86
54
68
87
38
52
73
22
36
59
24
37
62
58
71
97
68
80
107
55
68
95
34
47
75
35
49
77
42
56
84
48
62
91
42
57
86
40
56
85
43
58
89
43
58
90
39
57
88
48
65
98
51
68
101
39
56
89
30
42
76
43
53
87
62
71
105
60
68
102
50
57
91
38
44
77
28
33
66
37
44
77
39
46
79
36
46
78
35
48
77
34
50
79
33
50
79
29
50
78
34
51
78
37
54
81
36
53
80
34
51
78
37
52
80
36
50
78
32
46
74
32
45
73
36
48
77
37
48
78
37
48
78
42
53
83
56
66
96
63
75
107
65
80
116
21
39
73
25
45
78
97
123
153
169
198
225
193
225
250
192
225
249
167
197
222
166
193
219
192
215
241
209
227
253
213
228
253
210
222
250
203
220
249
207
225
254
204
219
251
196
209
241
201
211
243
206
212
244
198
202
233
187
188
216
142
140
164
97
94
112
68
61
76
64
56
68
75
68
74
71
64
69
67
58
61
75
66
69
82
74
77
77
70
73
69
62
65
68
61
66
64
57
64
55
48
56
66
58
69
74
66
79
77
70
84
76
68
85
77
69
87
75
71
84
69
72
79
68
70
78
66
67
77
64
65
75
64
64
77
64
64
78
63
62
78
64
63
79
65
64
80
67
67
82
70
70
84
73
73
87
75
75
89
78
76
91
80
77
92
79
76
91
76
73
88
73
70
85
74
71
86
77
74
89
75
72
87
76
73
88
78
75
90
78
75
90
75
72
87
72
69
84
69
66
81
69
66
81
70
67
82
67
64
79
66
63
78
69
66
81
69
66
81
65
62
77
61
58
73
60
57
72
62
59
74
62
59
74
54
51
66
51
48
63
49
46
61
45
42
57
46
43
58
52
49
64
51
48
63
45
42
56
42
40
52
43
41
53
43
41
53
44
42
54
46
44
56
41
40
50
36
35
45
39
38
48
47
41
53
47
40
53
45
39
49
44
39
47
45
39
43
46
41
42
48
42
43
46
41
40
51
46
45
55
47
47
53
45
45
49
41
42
48
39
42
50
40
42
45
40
37
46
41
38
48
43
40
49
44
41
49
44
41
48
43
40
50
45
44
60
55
54
63
58
57
55
50
49
53
48
47
52
47
46
54
49
48
48
40
40
48
38
38
55
45
45
44
36
36
55
50
49
82
77
76
109
104
103
136
131
130
147
141
138
156
147
144
132
120
118
106
92
90
105
90
88
98
81
80
110
95
87
133
118
109
129
117
107
91
80
70
64
54
44
63
56
45
61
55
44
79
73
62
61
54
43
62
52
42
69
58
48
63
51
41
57
43
33
62
48
39
60
48
38
58
45
36
68
55
47
69
55
49
66
49
46
67
50
47
65
47
44
60
41
36
74
56
50
92
73
66
77
59
48
74
57
44
82
66
50
89
72
61
87
69
61
83
64
52
85
62
46
91
65
39
91
60
26
99
65
21
121
84
29
115
79
10
132
95
14
182
147
54
216
181
79
215
182
73
205
173
61
199
160
57
206
166
64
215
175
73
214
175
72
245
207
103
216
179
75
218
182
75
196
162
55
202
169
61
217
185
76
227
196
87
228
197
88
234
203
94
242
211
100
233
200
91
230
198
89
230
199
90
231
200
91
226
195
86
207
176
67
199
168
59
211
180
71
222
190
83
227
197
89
46
52
78
39
46
71
36
45
67
37
47
67
37
48
66
39
51
69
45
58
75
53
67
85
54
68
86
39
52
73
25
39
61
26
39
64
57
70
96
66
78
106
53
66
93
34
47
75
37
50
78
42
56
84
48
62
90
43
58
87
42
58
87
42
58
89
42
57
89
40
57
88
46
63
96
47
65
98
39
56
89
33
45
79
45
55
89
60
69
103
58
66
100
49
56
89
39
45
78
29
34
67
38
44
77
39
46
79
36
46
78
34
47
77
33
49
78
33
50
80
31
52
80
34
51
78
38
55
82
37
54
80
34
51
78
37
52
80
37
51
79
32
46
74
32
46
74
36
47
77
37
48
78
37
48
78
42
53
83
56
66
96
63
74
107
64
79
115
20
38
72
25
45
77
98
124
154
170
199
227
194
225
251
192
225
249
166
196
222
164
192
217
191
213
240
208
227
253
213
228
253
209
221
249
203
220
249
207
225
254
203
218
250
196
209
241
202
212
244
206
212
244
195
199
230
178
179
208
132
130
154
90
87
106
66
60
75
65
57
68
75
68
74
71
64
70
68
59
63
75
66
69
80
72
76
76
69
73
70
63
67
69
62
67
65
58
65
57
50
59
65
58
68
72
65
77
76
69
84
77
69
86
78
70
88
75
72
85
71
74
80
70
72
80
67
69
79
65
66
76
65
65
78
64
64
78
64
63
78
64
64
80
65
64
80
67
67
82
70
70
84
73
73
87
75
75
89
78
76
91
80
77
92
79
76
91
75
72
87
73
70
85
74
71
86
78
75
90
75
72
87
76
73
88
78
75
90
78
75
90
75
71
86
71
68
83
69
66
81
69
66
81
69
66
81
66
63
78
65
62
77
68
65
80
68
65
80
64
61
76
60
57
72
58
55
70
61
58
73
61
58
73
54
51
66
51
48
63
48
45
60
44
41
56
46
43
58
51
48
63
50
47
62
44
42
55
41
39
51
43
41
53
43
41
53
44
42
54
46
44
56
40
40
50
36
36
45
40
39
49
46
41
53
47
40
53
46
40
50
45
39
47
45
39
43
45
40
42
48
42
43
46
41
40
51
45
45
55
47
47
52
44
45
48
40
41
48
39
42
50
40
42
45
40
37
46
41
39
48
43
40
49
44
41
49
44
41
48
43
40
50
45
44
60
55
54
63
58
57
54
49
48
52
47
46
51
47
45
53
48
47
48
41
40
49
39
39
55
45
45
47
39
39
57
52
51
79
74
74
106
101
101
137
132
131
147
140
138
153
144
141
129
117
115
103
90
88
104
89
88
99
83
81
111
96
88
135
120
111
132
121
111
94
83
73
66
57
47
66
59
48
63
57
46
75
69
58
60
53
42
60
50
40
67
56
46
63
51
41
60
45
36
62
48
39
58
46
36
57
45
36
68
55
47
68
54
48
65
49
45
67
50
47
65
47
44
60
41
36
74
56
50
91
72
64
76
58
47
75
58
45
81
65
49
85
69
57
85
66
58
82
63
51
86
63
47
96
69
43
95
64
30
102
67
23
121
84
29
115
78
10
132
95
14
182
147
55
216
181
79
216
182
74
207
174
63
200
161
58
206
166
64
215
175
73
214
174
71
244
207
103
215
178
74
216
181
74
196
162
55
203
169
61
218
186
77
229
197
88
229
198
89
233
202
93
241
210
100
233
200
91
230
198
89
229
198
89
231
200
91
226
195
86
207
176
67
200
169
60
211
180
72
223
191
84
227
198
90
50
54
82
42
47
74
36
44
68
38
47
68
40
49
69
43
54
73
46
58
76
44
57
75
52
66
84
46
59
80
45
59
82
40
54
79
54
67
93
55
68
94
38
51
77
36
49
75
48
60
88
46
60
88
48
62
90
50
64
92
52
67
96
41
57
86
38
53
84
46
61
93
33
51
82
25
43
75
42
59
92
55
68
101
57
66
99
49
58
91
40
47
80
41
47
80
44
49
82
41
46
79
43
48
81
43
50
83
38
48
80
32
44
76
30
44
76
37
54
85
48
66
97
40
57
84
43
60
87
41
58
85
37
54
81
39
56
83
41
55
83
36
50
79
37
51
80
36
48
78
36
47
77
38
49
79
47
58
88
60
71
101
61
74
105
55
72
105
18
32
65
25
46
78
108
134
164
180
210
239
196
227
255
192
225
251
161
192
219
153
181
207
181
205
231
205
225
251
211
226
251
202
215
243
205
222
251
208
226
255
199
217
248
199
214
246
215
226
254
207
215
243
172
177
206
111
115
143
57
56
80
39
37
56
54
51
65
69
64
75
75
69
79
72
65
72
74
66
73
72
64
71
70
62
69
73
65
74
79
71
81
78
70
80
74
67
78
76
70
81
63
56
68
60
53
66
71
66
80
85
80
95
85
79
96
83
81
93
84
88
93
83
86
93
78
80
90
74
76
87
71
72
86
68
68
84
69
69
87
70
70
88
68
68
84
68
68
84
70
70
86
74
75
89
77
78
92
80
77
92
79
76
91
76
73
88
72
69
84
71
68
83
75
72
87
81
78
93
73
70
85
75
72
87
76
73
88
76
73
88
73
70
85
70
67
82
66
63
78
67
64
79
67
64
79
64
61
76
62
59
74
65
62
77
64
61
76
59
56
71
53
50
65
50
47
62
51
48
63
53
50
65
50
47
62
50
47
62
47
44
59
41
38
53
43
40
55
48
45
60
46
43
58
41
39
53
41
39
51
43
41
53
42
41
52
43
42
52
44
43
53
40
39
49
38
37
47
44
43
52
44
38
51
50
43
56
53
47
58
48
44
51
43
38
43
44
39
42
50
45
46
46
40
41
51
45
46
52
45
46
48
40
42
45
36
39
47
37
42
50
41
46
46
41
40
47
42
41
49
44
43
48
43
42
47
42
41
46
41
40
47
42
41
57
52
51
59
54
53
49
44
43
49
44
43
50
45
44
51
46
45
52
44
44
52
42
42
55
47
47
72
64
64
73
68
67
61
56
55
91
87
86
145
140
139
143
138
137
130
122
122
105
94
94
87
74
74
101
86
87
110
94
95
117
102
94
150
135
126
156
145
135
112
102
92
84
75
65
87
81
70
72
66
55
51
45
34
53
46
35
46
37
27
47
37
27
67
55
45
78
64
55
65
51
42
47
36
28
51
38
31
66
52
46
65
51
47
58
43
40
65
48
45
67
50
47
63
45
41
75
56
51
81
64
56
71
53
43
84
67
54
75
58
44
61
45
31
68
51
39
78
59
45
97
75
57
129
101
76
124
93
60
120
86
43
122
86
32
113
76
10
135
98
18
185
150
59
218
183
83
222
188
81
222
189
79
207
168
65
210
170
68
215
175
73
210
171
69
241
204
101
209
172
68
208
173
69
194
160
53
204
171
64
225
193
85
239
208
99
235
204
95
230
201
92
236
206
97
233
202
93
225
194
85
221
190
81
231
200
91
227
196
87
210
179
70
209
177
70
218
186
79
228
196
89
234
202
95
50
54
82
42
47
74
36
44
68
38
47
68
40
49
69
43
54
73
46
58
76
44
57
75
52
66
84
46
59
80
45
59
82
40
54
79
54
67
93
55
68
94
38
51
77
36
49
75
48
60
88
46
60
88
48
62
90
50
64
92
52
67
96
41
57
86
38
53
84
46
61
93
33
51
82
25
43
75
42
59
92
55
68
101
57
66
99
49
58
91
40
47
80
41
47
80
44
49
82
41
46
79
43
48
81
43
50
83
38
48
80
32
44
76
30
44
76
37
54
85
48
66
97
40
57
84
43
60
87
41
58
85
37
54
81
39
56
83
41
55
83
36
50
79
37
51
80
36
48
78
36
47
77
38
49
79
47
58
88
60
71
101
61
74
105
55
72
105
18
32
65
25
46
78
108
134
164
180
210
239
196
227
255
192
225
251
161
192
219
153
181
207
181
205
231
205
225
251
211
226
251
202
215
243
205
222
251
208
226
255
199
217
248
199
214
246
215
226
254
207
215
243
172
177
206
111
115
143
57
56
80
39
37
56
54
51
65
69
64
75
75
69
79
72
65
72
74
66
73
72
64
71
70
62
69
73
65
74
79
71
81
78
70
80
74
67
78
76
70
81
63
56
68
60
53
66
71
66
80
85
80
95
85
79
96
83
81
93
84
88
93
83
86
93
78
80
90
74
76
87
71
72
86
68
68
84
69
69
87
70
70
88
68
68
84
68
68
84
70
70
86
74
75
89
77
78
92
80
77
92
79
76
91
76
73
88
72
69
84
71
68
83
75
72
87
81
78
93
73
70
85
75
72
87
76
73
88
76
73
88
73
70
85
70
67
82
66
63
78
67
64
79
67
64
79
64
61
76
62
59
74
65
62
77
64
61
76
59
56
71
53
50
65
50
47
62
51
48
63
53
50
65
50
47
62
50
47
62
47
44
59
41
38
53
43
40
55
48
45
60
46
43
58
41
39
53
41
39
51
43
41
53
42
41
52
43
42
52
44
43
53
40
39
49
38
37
47
44
43
52
44
38
51
50
43
56
53
47
58
48
44
51
43
38
43
44
39
42
50
45
46
46
40
41
51
45
46
52
45
46
48
40
42
45
36
39
47
37
42
50
41
46
46
41
40
47
42
41
49
44
43
48
43
42
47
42
41
46
41
40
47
42
41
57
52
51
59
54
53
49
44
43
49
44
43
50
45
44
51
46
45
52
44
44
52
42
42
55
47
47
72
64
64
73
68
67
61
56
55
91
87
86
145
140
139
143
138
137
130
122
122
105
94
94
87
74
74
101
86
87
110
94
95
117
102
94
150
135
126
156
145
135
112
102
92
84
75
65
87
81
70
72
66
55
51
45
34
53
46
35
46
37
27
47
37
27
67
55
45
78
64
55
65
51
42
47
36
28
51
38
31
66
52
46
65
51
47
58
43
40
65
48
45
67
50
47
63
45
41
75
56
51
81
64
56
71
53
43
84
67
54
75
58
44
61
45
31
68
51
39
78
59
45
97
75
57
129
101
76
124
93
60
120
86
43
122
86
32
113
76
10
135
98
18
185
150
59
218
183
83
222
188
81
222
189
79
207
168
65
210
170
68
215
175
73
210
171
69
241
204
101
209
172
68
208
173
69
194
160
53
204
171
64
225
193
85
239
208
99
235
204
95
230
201
92
236
206
97
233
202
93
225
194
85
221
190
81
231
200
91
227
196
87
210
179
70
209
177
70
218
186
79
228
196
89
234
202
95
39
43
71
38
42
70
40
45
71
42
50
73
44
53
73
44
54
73
43
55
73
43
55
73
45
58
77
44
57
78
48
61
84
48
61
86
50
63
89
49
62
88
40
53
79
36
49
75
45
57
84
50
63
90
49
62
90
50
63
92
52
66
95
45
59
89
39
55
85
41
57
88
40
56
87
39
56
87
47
63
95
52
65
97
51
60
93
45
54
87
34
41
74
31
38
70
41
46
79
45
50
83
46
51
84
43
50
83
37
47
80
34
46
78
36
50
82
36
54
85
35
53
84
36
54
82
32
49
78
28
45
73
27
44
72
29
45
74
34
50
78
40
55
84
40
54
83
39
53
82
33
46
75
32
43
73
42
53
83
58
69
99
58
71
102
50
68
100
18
36
68
30
52
84
98
125
155
170
200
229
192
224
251
193
226
252
163
194
221
147
175
202
176
200
227
201
221
247
211
226
253
208
220
248
206
222
252
205
222
253
198
214
245
207
221
251
198
209
237
153
161
190
92
97
126
49
52
80
45
46
69
54
52
72
64
61
77
69
65
77
69
64
75
65
59
69
73
65
74
71
63
72
74
66
76
70
62
74
72
64
76
78
70
82
70
64
76
73
68
80
73
67
80
65
60
73
68
65
78
84
81
94
76
72
86
69
68
78
72
76
81
75
78
85
76
78
88
73
75
86
71
72
86
71
71
88
71
71
89
73
73
91
72
72
89
69
69
86
72
72
88
75
76
90
74
75
88
76
74
88
77
74
89
77
73
89
75
72
87
74
71
86
76
73
88
79
76
91
74
71
86
75
72
87
75
72
87
74
71
86
70
67
82
66
63
78
63
60
75
68
64
80
65
61
77
61
58
73
60
56
72
61
58
73
62
59
74
58
56
70
54
51
66
53
50
65
52
49
64
49
47
61
47
44
59
48
45
60
47
44
60
43
40
56
41
38
53
42
39
54
43
40
55
42
39
53
41
39
51
42
40
52
42
40
51
42
41
51
44
43
52
44
43
53
44
43
52
45
44
53
46
41
53
47
42
54
48
42
52
44
39
47
42
37
43
43
38
41
47
42
43
44
39
40
48
42
43
49
42
44
48
40
44
46
37
42
46
36
43
46
36
42
43
39
38
46
42
41
48
44
43
47
43
42
46
41
40
46
42
41
49
44
43
54
49
48
55
51
50
56
52
50
53
48
47
45
40
39
49
45
44
60
53
52
66
57
57
74
65
65
92
85
85
83
78
77
90
86
85
105
101
100
137
133
132
139
135
134
128
120
120
109
98
98
88
76
76
90
75
76
112
96
97
131
115
109
147
133
125
143
131
122
114
103
94
93
85
75
84
77
67
64
58
48
47
42
32
49
42
32
46
37
28
47
37
28
67
55
46
82
68
60
70
55
47
60
49
41
60
48
41
67
55
48
65
50
47
51
36
33
60
44
42
68
51
49
64
47
43
68
49
44
78
60
53
68
50
41
86
70
57
85
68
55
71
54
41
82
65
52
83
65
50
101
80
60
138
112
86
114
83
50
108
73
31
111
74
22
114
76
11
133
94
16
178
142
53
226
191
92
217
183
77
221
188
78
214
174
71
206
166
64
208
169
67
207
168
66
235
198
95
212
176
72
213
178
74
195
161
54
199
167
60
221
189
81
237
207
98
235
205
96
230
201
92
227
198
89
232
202
93
223
193
85
218
187
79
234
203
95
227
196
88
212
180
73
220
188
81
224
192
85
227
195
88
227
195
88
31
35
64
36
40
68
42
47
73
46
52
76
46
55
76
44
53
73
41
53
71
42
54
73
40
52
72
43
56
77
50
62
85
54
66
90
48
61
87
45
58
84
42
55
81
36
49
75
43
56
82
52
65
91
50
63
91
49
63
91
51
65
94
48
62
91
40
56
85
39
54
86
44
59
91
49
64
96
50
65
97
51
63
95
47
56
89
42
51
84
30
37
70
25
31
64
40
45
78
47
52
85
47
52
85
43
50
83
37
46
79
35
47
79
39
54
86
37
54
85
27
45
76
34
52
81
25
43
72
20
38
67
20
37
66
23
39
68
30
46
75
42
58
87
43
57
86
41
55
84
32
46
75
28
40
69
39
50
80
57
68
98
56
69
100
47
65
98
18
39
71
33
56
88
92
119
150
163
193
223
190
222
249
195
227
253
164
195
222
143
172
199
173
196
224
198
218
245
211
226
254
211
224
252
206
223
253
202
220
251
197
212
244
212
225
255
188
198
226
118
126
156
41
45
75
9
12
41
38
39
62
64
62
83
71
69
86
70
66
79
65
61
72
61
55
66
72
64
75
70
62
73
77
69
81
68
60
73
67
60
73
78
71
84
68
62
75
71
67
79
79
75
88
69
65
77
66
64
76
84
82
94
70
68
80
60
60
69
64
68
73
70
74
81
75
77
86
73
75
86
71
72
87
73
73
90
73
73
91
74
74
92
74
74
92
70
70
88
74
74
89
77
78
92
72
74
86
74
72
86
76
73
88
77
74
89
77
74
89
75
72
87
76
73
88
78
75
90
75
72
87
75
72
87
75
72
87
72
69
84
68
65
80
64
61
76
61
58
73
68
65
80
63
60
75
59
56
71
58
55
70
59
56
71
60
57
72
58
55
70
54
51
66
55
52
67
53
50
65
48
45
60
45
42
57
47
44
59
48
45
61
45
42
58
40
37
52
39
36
51
41
38
53
43
40
54
42
40
52
42
40
51
41
40
50
41
40
50
44
43
52
47
46
55
47
46
55
46
45
54
47
43
55
46
42
53
44
38
49
42
37
45
41
37
42
43
38
41
45
40
41
43
38
39
46
40
41
47
41
43
48
41
45
48
39
45
46
35
43
44
34
40
42
38
37
46
42
41
48
44
43
47
43
42
45
41
40
46
42
41
50
46
45
52
48
47
53
49
48
60
56
55
56
52
51
41
37
36
48
44
43
65
58
58
75
66
66
86
78
78
104
99
98
90
85
84
109
105
104
114
110
109
132
128
127
138
133
132
127
119
119
111
101
101
90
77
77
84
69
70
114
98
99
140
124
118
145
132
124
134
122
114
114
104
96
99
91
82
82
75
66
59
53
44
45
40
31
46
39
30
46
38
29
47
37
28
68
55
47
84
71
63
74
59
51
69
58
50
67
55
48
68
56
50
65
50
47
46
31
29
58
42
40
69
52
50
66
49
46
63
45
41
76
58
51
66
48
40
88
71
59
92
75
62
77
60
47
91
74
61
87
69
53
105
84
63
145
118
93
108
76
44
100
65
24
105
67
16
114
76
13
131
92
16
174
137
49
231
196
98
214
180
75
220
187
78
218
179
76
204
164
62
204
166
64
205
167
65
232
194
91
214
178
74
217
182
78
196
162
55
196
164
57
219
187
79
237
207
98
235
206
97
229
200
91
222
193
84
231
202
94
222
193
85
216
185
77
237
205
98
227
195
88
214
182
75
226
194
87
228
196
89
227
195
88
223
191
84
32
36
65
36
40
68
42
47
73
45
52
76
45
54
75
44
53
73
41
53
71
42
54
73
40
53
72
43
56
77
49
61
85
53
65
89
48
61
87
46
58
84
43
56
82
37
50
76
43
56
82
52
65
91
50
62
90
49
63
91
51
65
93
47
61
90
41
56
85
40
55
86
45
60
92
49
64
96
49
64
96
50
62
94
46
56
88
41
51
83
29
37
70
26
32
65
40
45
78
47
52
85
47
52
85
43
50
83
37
47
80
36
48
80
39
54
86
37
54
85
27
45
76
34
52
81
25
43
73
21
39
68
23
39
69
25
41
70
31
47
76
41
57
86
42
56
86
42
56
85
32
47
75
29
41
70
40
51
81
57
68
98
55
68
100
47
65
98
22
42
75
34
57
89
89
117
148
163
192
223
189
221
249
193
226
253
165
195
223
144
173
200
171
195
223
196
216
243
210
226
253
211
224
252
206
223
253
203
221
251
197
212
244
206
219
249
177
188
215
110
119
149
40
45
74
12
15
43
38
40
63
63
61
82
70
67
84
68
65
78
64
61
72
61
55
67
72
64
75
69
61
72
76
68
80
69
61
75
68
61
74
78
71
84
70
64
77
72
68
81
80
75
89
70
66
79
67
65
77
83
81
93
71
69
81
61
62
71
65
69
74
71
75
82
75
78
87
73
75
87
71
72
87
73
73
90
73
73
91
74
74
92
74
74
92
70
70
88
73
74
89
76
77
91
72
74
86
73
71
86
75
73
88
77
74
89
76
73
88
75
72
87
76
73
88
78
74
89
75
72
87
75
72
87
74
71
86
72
69
84
68
65
80
63
60
75
61
58
73
68
65
80
63
60
75
59
56
71
58
55
70
59
56
71
60
57
72
58
55
70
55
52
67
55
52
67
53
50
65
48
45
60
45
43
57
47
44
59
48
45
60
44
41
57
40
37
52
39
35
50
41
38
53
42
40
53
41
39
51
42
40
51
41
40
50
41
40
50
44
42
52
46
46
54
47
46
55
46
45
54
46
43
54
46
42
53
44
38
49
42
37
45
41
37
42
43
38
41
45
40
41
43
38
39
46
40
41
47
41
43
48
41
45
48
39
44
46
35
43
43
34
40
42
38
37
46
41
41
48
43
43
46
42
41
45
41
40
46
42
41
49
45
44
50
46
45
53
49
48
60
56
55
55
51
50
41
37
36
48
44
43
66
59
58
77
69
69
86
78
78
101
95
95
87
83
82
110
106
105
116
112
111
134
130
129
139
134
133
128
120
120
111
101
101
90
78
78
85
69
71
114
97
99
142
127
121
148
135
127
138
126
118
118
108
99
100
92
83
81
73
65
57
52
42
44
39
30
47
40
32
48
40
31
49
38
30
68
56
47
83
70
62
74
59
52
69
59
51
67
55
48
68
56
50
64
50
46
46
31
29
58
42
40
68
51
49
66
49
46
63
45
41
74
56
49
67
50
41
87
71
59
90
73
60
77
61
47
89
72
59
86
68
52
104
83
62
142
115
90
108
76
45
102
66
26
106
68
17
115
77
14
132
93
17
175
138
50
232
197
99
216
181
76
222
188
79
218
179
76
204
165
63
205
167
65
205
167
65
231
194
90
213
178
74
217
182
78
196
162
55
196
164
57
218
187
79
236
207
98
235
206
97
229
200
91
221
192
83
230
201
94
222
193
85
217
186
79
238
206
99
227
195
88
212
180
73
225
194
87
227
195
88
226
194
87
222
190
83
41
44
75
42
46
75
43
47
76
44
49
75
42
49
73
40
49
69
41
50
70
43
54
74
43
54
74
43
56
77
45
58
80
47
59
83
50
61
88
52
63
89
51
62
88
47
59
85
49
62
88
52
65
91
48
61
88
45
58
86
45
59
87
46
60
89
46
60
89
48
64
93
51
66
98
49
64
96
44
59
91
45
58
88
40
51
81
36
46
76
30
39
69
31
38
70
42
48
81
43
48
81
41
48
81
45
52
85
42
51
85
39
51
85
40
55
88
39
55
88
32
51
84
34
52
83
33
51
82
39
57
88
46
64
95
44
60
91
37
52
82
34
50
79
41
56
85
44
58
87
40
54
83
37
51
80
46
60
89
59
70
100
50
64
95
47
66
99
57
77
110
45
69
101
70
98
129
159
188
219
188
221
251
186
218
249
171
201
231
158
187
216
163
186
214
179
199
226
204
221
247
214
229
254
205
222
252
209
224
255
200
215
247
153
165
196
83
94
124
39
48
77
34
39
68
34
38
63
48
50
73
56
56
77
57
54
72
57
54
69
60
56
69
62
58
70
65
58
73
58
51
66
72
65
80
80
72
89
74
68
85
80
74
91
88
82
98
84
79
94
84
81
96
85
83
96
77
75
87
76
77
87
77
78
88
76
79
87
69
75
80
79
85
91
83
88
97
79
82
96
73
76
92
68
70
89
67
68
88
71
72
92
72
73
93
70
73
90
73
76
90
73
77
89
68
72
83
69
67
82
73
70
85
76
73
88
76
73
88
74
71
86
74
71
86
77
74
89
74
71
86
74
71
86
72
69
84
68
65
80
65
62
77
62
59
74
59
56
71
68
65
80
63
60
75
59
56
71
58
55
70
59
56
71
60
57
72
59
56
71
57
54
69
56
53
68
54
51
66
50
47
62
49
46
61
49
46
61
48
45
60
43
40
56
38
35
51
36
33
48
37
34
49
39
36
50
39
37
49
42
40
51
43
42
52
42
41
50
43
43
51
45
45
51
45
45
51
44
44
50
44
41
51
43
39
50
41
39
47
41
38
44
42
39
42
42
39
41
45
40
41
41
36
37
43
37
39
46
39
42
47
40
44
46
38
44
44
36
43
44
34
41
43
38
39
44
39
40
44
39
40
43
38
39
42
37
38
44
40
40
44
40
39
42
38
37
50
46
45
59
55
54
54
50
49
42
38
37
47
43
42
73
67
67
98
90
90
91
83
83
70
65
64
67
62
61
122
118
117
137
133
132
151
147
146
155
149
150
136
128
129
111
99
101
96
83
85
93
78
80
113
96
99
165
152
145
179
166
158
172
161
153
148
138
130
111
104
95
71
66
57
42
37
28
40
35
26
58
53
44
67
59
50
66
56
47
67
56
48
75
62
54
80
68
60
79
68
60
68
57
50
67
55
49
57
45
41
45
30
28
60
45
43
63
47
45
74
57
54
62
46
41
54
37
30
86
69
60
88
72
60
78
62
49
78
63
48
75
59
43
78
61
42
98
77
56
118
90
65
112
81
49
118
82
42
119
81
31
126
87
26
141
103
27
187
150
64
243
206
111
228
192
90
232
199
91
214
177
74
206
168
66
212
174
72
207
170
67
225
189
85
211
176
72
218
184
77
196
164
57
196
164
56
216
186
77
235
206
97
232
203
94
225
196
87
218
189
80
229
199
94
223
193
88
227
197
92
245
215
110
220
190
85
201
171
63
218
186
79
221
189
82
221
189
82
217
185
78
41
44
75
42
46
75
43
47
76
44
49
75
42
49
73
40
49
69
41
50
70
43
54
74
43
54
74
43
56
77
45
58
80
47
59
83
50
61
88
52
63
89
51
62
88
47
59
85
49
62
88
52
65
91
48
61
88
45
58
86
45
59
87
46
60
89
46
60
89
48
64
93
51
66
98
49
64
96
44
59
91
45
58
88
40
51
81
36
46
76
30
39
69
31
38
70
42
48
81
43
48
81
41
48
81
45
52
85
42
51
85
39
51
85
40
55
88
39
55
88
32
51
84
34
52
83
33
51
82
39
57
88
46
64
95
44
60
91
37
52
82
34
50
79
41
56
85
44
58
87
40
54
83
37
51
80
46
60
89
59
70
100
50
64
95
47
66
99
57
77
110
45
69
101
70
98
129
159
188
219
188
221
251
186
218
249
171
201
231
158
187
216
163
186
214
179
199
226
204
221
247
214
229
254
205
222
252
209
224
255
200
215
247
153
165
196
83
94
124
39
48
77
34
39
68
34
38
63
48
50
73
56
56
77
57
54
72
57
54
69
60
56
69
62
58
70
65
58
73
58
51
66
72
65
80
80
72
89
74
68
85
80
74
91
88
82
98
84
79
94
84
81
96
85
83
96
77
75
87
76
77
87
77
78
88
76
79
87
69
75
80
79
85
91
83
88
97
79
82
96
73
76
92
68
70
89
67
68
88
71
72
92
72
73
93
70
73
90
73
76
90
73
77
89
68
72
83
69
67
82
73
70
85
76
73
88
76
73
88
74
71
86
74
71
86
77
74
89
74
71
86
74
71
86
72
69
84
68
65
80
65
62
77
62
59
74
59
56
71
68
65
80
63
60
75
59
56
71
58
55
70
59
56
71
60
57
72
59
56
71
57
54
69
56
53
68
54
51
66
50
47
62
49
46
61
49
46
61
48
45
60
43
40
56
38
35
51
36
33
48
37
34
49
39
36
50
39
37
49
42
40
51
43
42
52
42
41
50
43
43
51
45
45
51
45
45
51
44
44
50
44
41
51
43
39
50
41
39
47
41
38
44
42
39
42
42
39
41
45
40
41
41
36
37
43
37
39
46
39
42
47
40
44
46
38
44
44
36
43
44
34
41
43
38
39
44
39
40
44
39
40
43
38
39
42
37
38
44
40
40
44
40
39
42
38
37
50
46
45
59
55
54
54
50
49
42
38
37
47
43
42
73
67
67
98
90
90
91
83
83
70
65
64
67
62
61
122
118
117
137
133
132
151
147
146
155
149
150
136
128
129
111
99
101
96
83
85
93
78
80
113
96
99
165
152
145
179
166
158
172
161
153
148
138
130
111
104
95
71
66
57
42
37
28
40
35
26
58
53
44
67
59
50
66
56
47
67
56
48
75
62
54
80
68
60
79
68
60
68
57
50
67
55
49
57
45
41
45
30
28
60
45
43
63
47
45
74
57
54
62
46
41
54
37
30
86
69
60
88
72
60
78
62
49
78
63
48
75
59
43
78
61
42
98
77
56
118
90
65
112
81
49
118
82
42
119
81
31
126
87
26
141
103
27
187
150
64
243
206
111
228
192
90
232
199
91
214
177
74
206
168
66
212
174
72
207
170
67
225
189
85
211
176
72
218
184
77
196
164
57
196
164
56
216
186
77
235
206
97
232
203
94
225
196
87
218
189
80
229
199
94
223
193
88
227
197
92
245
215
110
220
190
85
201
171
63
218
186
79
221
189
82
221
189
82
217
185
78
47
49
81
46
49
79
45
49
78
44
48
76
43
49
74
41
49
72
42
52
72
46
56
76
48
59
79
49
61
82
47
59
81
46
58
82
49
59
87
52
63
89
55
66
91
54
66
91
54
66
93
54
67
93
52
64
91
47
60
87
45
58
86
44
58
87
45
59
87
47
62
91
50
65
95
47
62
94
42
57
89
41
54
85
36
47
77
33
43
74
32
41
71
35
44
74
44
51
83
41
47
80
40
47
80
44
53
86
44
54
88
39
52
86
37
53
86
34
52
85
30
49
81
39
58
90
34
51
84
34
52
84
40
58
89
41
58
90
37
55
85
36
51
82
37
52
81
42
57
86
41
56
84
40
54
83
45
59
88
53
66
95
52
67
98
47
67
100
65
86
118
74
99
131
95
122
155
158
189
221
189
222
251
193
226
252
177
208
238
163
192
222
169
193
221
185
206
233
206
224
250
211
227
252
206
222
252
211
226
255
184
198
229
101
113
144
46
56
86
33
40
70
41
45
74
52
56
81
60
62
85
62
62
83
60
58
76
62
59
75
68
63
78
70
66
80
70
64
80
72
65
82
74
67
85
78
71
89
82
75
94
82
77
96
80
75
93
70
68
83
70
69
83
82
82
94
84
84
95
87
88
97
75
78
85
79
83
89
80
86
90
80
84
91
77
81
91
80
81
96
79
80
98
71
70
90
68
67
88
72
71
92
73
73
93
72
73
90
73
75
90
73
75
88
67
70
81
66
65
79
70
68
84
75
74
89
75
73
88
71
69
85
71
69
85
73
71
87
72
70
85
70
69
84
68
66
81
64
62
78
61
59
75
59
57
73
57
55
71
65
62
77
61
58
73
57
54
69
57
54
69
57
54
70
58
55
70
57
54
69
55
51
67
53
50
65
50
47
62
48
45
60
48
45
60
47
44
59
46
43
59
43
40
56
38
35
51
35
32
48
36
33
48
38
35
49
38
36
48
42
41
51
44
43
52
42
41
50
43
43
50
44
45
50
44
44
49
42
43
48
42
39
48
42
38
48
41
39
46
41
39
44
42
39
42
42
40
41
43
40
40
41
36
37
43
37
38
45
39
41
46
39
43
45
38
44
44
36
43
43
34
42
44
38
40
45
39
41
45
38
41
42
36
38
42
36
37
44
39
40
42
37
37
38
33
33
47
43
41
53
48
47
49
45
43
44
40
38
50
45
43
74
68
66
97
90
88
98
92
90
93
88
87
57
53
52
83
79
78
119
115
114
145
140
140
155
149
150
146
139
140
128
117
120
117
103
106
110
95
98
120
103
107
171
157
151
183
170
162
179
169
160
158
149
140
119
111
102
79
73
64
54
49
40
52
47
38
69
63
54
69
62
53
64
55
46
59
48
40
54
41
33
61
49
41
68
58
50
60
49
41
66
54
48
56
44
40
45
32
29
63
48
46
60
45
43
76
60
57
68
52
47
53
37
30
83
67
56
79
64
51
71
56
42
82
67
51
76
60
43
79
62
43
95
74
53
101
74
48
112
80
48
123
87
47
133
94
45
140
101
42
152
113
40
194
156
72
240
203
109
224
188
86
223
190
83
212
175
71
209
171
68
217
179
76
208
171
68
219
184
80
209
175
69
217
184
77
197
166
58
195
164
56
215
185
76
235
206
96
232
203
93
223
195
85
215
187
77
227
197
93
224
194
90
234
204
100
249
219
114
216
186
81
195
165
59
213
182
75
218
186
79
219
187
80
215
183
76
51
52
86
49
51
82
46
50
80
44
48
77
44
49
75
42
50
73
44
53
73
48
58
78
52
63
83
53
64
86
48
61
83
45
57
81
48
59
86
52
63
89
57
69
93
60
72
96
58
70
96
55
68
94
54
67
93
49
62
89
45
58
86
43
57
85
44
58
87
47
61
90
49
64
93
46
62
92
40
55
87
38
52
82
33
44
74
31
42
72
33
43
73
38
47
77
46
54
85
39
46
79
39
46
79
44
54
87
45
56
90
40
53
87
35
51
84
31
50
83
28
47
80
43
61
94
35
52
85
31
48
81
37
54
86
40
58
89
38
56
87
37
52
83
34
50
79
41
56
85
43
57
86
42
56
85
45
59
88
49
63
91
54
70
100
48
68
100
70
93
125
95
120
152
113
140
173
158
190
223
190
223
250
198
232
255
181
213
242
167
196
226
175
198
226
190
211
239
208
227
252
210
226
251
207
222
252
212
227
255
173
185
217
65
76
108
19
29
59
28
35
64
45
50
78
64
68
94
69
71
94
67
67
87
63
61
80
65
63
80
74
68
85
77
72
87
74
68
85
82
76
94
75
69
88
76
70
89
87
81
100
84
80
99
75
71
89
62
60
75
60
60
74
81
81
93
89
90
100
94
96
104
74
78
83
81
86
90
89
93
97
81
84
91
74
76
86
80
81
96
84
84
102
73
71
92
68
66
88
72
70
92
74
73
93
73
73
91
74
75
90
73
75
87
67
69
80
63
63
78
69
68
84
75
74
90
74
73
89
69
68
84
69
68
84
71
70
86
70
69
85
68
67
83
65
64
80
61
60
76
59
58
74
57
56
72
56
55
71
64
61
76
59
56
71
56
53
68
56
53
68
57
54
69
57
54
69
56
53
68
53
50
65
50
47
62
48
45
60
47
44
59
47
44
59
45
42
57
45
42
57
44
41
57
38
35
51
35
32
48
35
32
47
37
35
49
38
36
48
42
41
51
44
43
52
42
41
50
43
43
49
44
44
50
43
44
48
41
42
46
40
38
46
41
38
47
41
39
45
41
39
45
42
40
43
42
40
41
42
40
40
41
36
37
43
38
39
45
39
41
46
39
43
45
38
44
44
36
43
43
35
44
45
38
41
46
39
42
45
38
41
43
36
39
42
36
37
44
38
39
41
35
36
36
30
30
45
40
39
49
44
43
46
41
40
46
41
38
52
47
44
75
69
66
96
89
86
104
98
95
109
104
103
51
47
46
56
52
51
107
102
102
140
135
136
155
149
150
153
147
148
141
129
133
132
117
121
122
107
111
125
108
112
175
161
155
186
173
165
184
174
166
164
156
147
124
117
108
84
78
69
63
58
49
60
55
46
77
71
62
70
63
54
63
55
46
53
43
34
39
26
18
48
35
27
61
52
43
54
43
36
66
54
48
55
43
39
45
33
29
65
50
48
58
43
41
78
62
59
73
56
51
53
37
30
82
66
54
74
58
46
67
51
37
85
70
53
76
61
43
80
63
44
94
73
51
89
62
37
112
79
48
126
90
51
143
103
56
151
111
53
160
119
49
199
160
78
239
202
108
221
185
84
217
183
77
210
174
69
211
174
70
220
183
79
209
173
69
216
181
77
208
174
68
217
185
78
198
167
59
195
164
55
214
185
76
235
206
96
232
204
93
222
194
83
213
186
76
226
197
93
226
195
92
240
209
106
252
222
117
214
184
79
191
161
56
210
179
73
217
185
78
217
185
78
214
182
75
51
52
86
49
52
83
46
50
80
45
49
77
45
49
75
43
50
74
44
53
73
48
58
78
52
63
83
54
65
86
49
62
83
46
58
81
47
58
85
52
63
89
57
69
93
59
72
96
58
69
96
55
68
94
54
67
93
50
62
89
45
58
86
43
57
85
43
57
86
46
60
89
48
63
92
45
61
91
40
55
87
38
52
82
33
44
74
31
42
72
33
43
74
38
48
77
46
54
85
39
46
79
39
46
79
44
53
86
45
56
90
40
53
87
35
52
85
31
50
83
28
47
81
42
60
93
34
51
84
31
48
81
37
54
86
39
57
89
38
56
87
37
52
83
34
50
79
41
56
85
43
57
86
42
56
85
44
58
87
49
63
91
53
69
98
47
67
100
72
94
126
94
119
151
110
137
171
158
189
222
189
222
250
197
231
254
180
212
241
166
194
225
174
197
226
189
211
238
208
226
252
210
226
251
208
223
253
209
224
252
167
179
211
62
73
104
21
30
60
31
38
67
46
51
79
64
67
93
68
70
93
66
66
86
62
60
80
65
63
80
73
68
85
76
71
86
74
68
85
81
75
93
74
68
88
76
70
90
86
80
99
83
78
98
75
72
90
64
62
77
62
62
76
81
81
94
88
89
99
94
96
104
77
81
86
83
88
92
89
94
98
81
84
92
74
76
86
80
80
95
84
83
102
73
71
92
68
66
88
72
70
92
74
73
93
73
73
91
74
74
90
73
74
87
67
69
80
63
63
78
68
67
83
75
74
90
74
73
89
69
68
84
68
67
83
70
69
85
70
69
85
68
67
83
64
63
79
61
60
76
58
57
73
57
56
72
56
55
71
63
60
75
59
56
71
55
52
68
55
52
67
56
53
68
57
54
69
56
53
68
53
50
65
50
47
62
48
45
60
47
44
59
47
44
59
45
42
57
45
42
57
44
41
57
38
35
51
35
32
48
35
32
47
37
35
49
38
37
48
42
41
51
44
43
52
42
41
50
43
43
49
44
44
49
43
44
47
41
42
46
40
38
46
40
38
47
41
39
45
41
40
45
42
40
43
42
40
41
42
40
40
41
36
37
43
38
39
45
39
41
46
39
43
45
38
44
44
36
43
43
34
43
45
38
42
46
39
42
45
38
41
43
36
39
42
36
37
44
38
39
42
36
36
37
31
31
45
40
39
48
43
42
46
41
40
47
42
39
53
48
45
73
67
64
93
86
83
100
95
92
105
100
99
51
46
46
56
53
51
103
99
99
138
133
134
155
149
150
155
149
150
143
132
135
133
119
123
123
108
113
126
110
114
174
160
154
184
171
163
182
172
164
163
155
146
124
117
109
86
80
71
66
61
52
61
56
47
76
71
62
69
62
53
63
55
46
55
45
36
41
28
20
48
36
28
60
51
42
54
44
36
67
55
49
56
44
40
46
34
30
65
50
48
58
43
41
78
62
59
73
57
52
54
38
31
80
64
52
73
57
45
67
51
37
85
70
53
76
62
43
80
63
44
93
72
50
88
61
36
111
79
48
126
89
51
141
102
55
149
109
51
159
118
48
198
160
77
238
201
107
220
185
83
217
183
77
210
174
69
211
174
70
220
183
79
208
173
68
215
180
76
208
174
68
217
185
78
198
167
59
194
164
55
214
185
76
234
206
96
231
204
92
221
194
83
213
186
76
225
196
92
226
196
92
239
208
106
251
221
116
214
184
79
192
162
57
209
179
73
217
185
78
217
185
78
214
182
75
55
56
90
54
55
88
52
55
85
51
55
83
52
56
82
53
59
82
52
61
81
54
63
83
60
70
90
63
74
95
59
70
92
53
63
86
47
59
83
48
59
85
55
67
91
60
72
96
56
68
92
54
65
92
60
71
98
58
71
97
51
63
90
42
56
84
36
50
78
34
48
77
38
52
81
40
54
83
39
54
83
34
48
77
29
43
71
33
47
75
39
50
80
42
53
83
47
57
87
39
48
80
35
44
77
39
50
84
41
54
88
40
56
89
37
55
90
34
54
89
31
51
86
31
50
83
29
48
81
30
48
81
36
53
86
38
55
88
37
55
86
35
53
84
37
53
84
42
58
87
44
58
87
42
56
85
41
55
83
42
56
84
43
59
88
38
58
90
88
110
142
91
116
148
81
109
143
155
186
219
180
213
246
187
220
249
172
203
233
151
179
210
165
190
220
186
207
235
205
223
249
214
230
255
217
231
255
173
186
217
97
108
140
20
30
62
39
48
78
64
71
100
60
65
93
55
57
83
59
59
82
60
58
79
61
57
78
66
61
81
69
64
83
66
60
77
77
71
90
69
65
84
65
60
81
76
71
92
73
68
89
65
60
81
83
81
100
86
85
102
87
88
100
87
89
99
75
78
86
94
99
102
111
116
119
111
116
118
95
99
104
89
93
100
76
78
88
74
74
91
81
80
99
75
73
96
72
69
94
73
70
95
72
70
92
71
70
89
71
71
87
70
71
84
66
68
79
63
62
77
68
67
83
76
75
91
75
74
90
68
67
83
64
63
79
66
65
81
67
66
82
64
63
79
60
59
75
57
56
72
57
56
72
57
56
72
58
57
73
58
55
70
55
52
67
52
49
64
52
49
64
53
50
65
53
50
65
52
49
64
50
47
62
46
43
58
44
41
56
45
42
57
45
42
57
42
39
54
44
41
56
46
43
59
42
39
55
38
35
51
37
34
49
39
36
50
40
39
50
42
41
51
41
40
49
40
40
46
40
40
46
41
42
46
40
42
44
39
41
42
36
37
42
38
38
44
43
42
46
44
43
46
43
43
44
44
42
42
43
41
40
44
42
41
46
41
42
47
42
43
46
41
45
46
39
45
44
36
43
44
35
44
47
40
45
48
41
46
49
42
46
48
41
44
46
39
42
45
39
40
45
39
40
47
42
42
48
43
42
45
40
39
45
40
37
56
51
48
63
58
55
55
49
46
55
48
45
61
55
52
68
63
60
51
47
46
61
58
57
65
63
62
110
106
107
154
149
150
176
169
172
169
160
163
152
140
144
140
125
131
146
130
137
161
147
143
156
144
138
159
147
141
153
144
137
129
122
115
108
102
95
107
101
94
64
58
51
73
67
60
54
47
40
65
56
49
81
69
63
62
50
44
57
44
37
53
44
34
57
48
39
84
73
66
72
60
54
59
47
42
72
59
55
56
41
38
68
54
49
81
66
59
73
57
49
58
43
32
61
48
33
74
59
43
88
73
56
82
68
47
83
66
45
89
68
46
82
56
29
108
76
45
124
87
50
127
87
41
128
88
31
147
105
36
192
154
72
227
189
97
218
181
81
215
180
76
213
177
73
215
179
74
221
187
80
206
172
65
208
174
67
207
176
67
216
185
76
199
169
60
192
164
53
213
185
74
235
207
96
231
205
91
221
195
81
213
186
75
224
195
91
229
200
96
238
209
105
242
211
108
212
181
78
195
165
60
210
179
74
218
186
80
221
189
82
220
186
79
55
56
90
54
55
88
52
55
85
51
55
83
52
56
82
53
59
82
52
61
81
54
63
83
60
70
90
63
74
95
59
70
92
53
63
86
47
59
83
48
59
85
55
67
91
60
72
96
56
68
92
54
65
92
60
71
98
58
71
97
51
63
90
42
56
84
36
50
78
34
48
77
38
52
81
40
54
83
39
54
83
34
48
77
29
43
71
33
47
75
39
50
80
42
53
83
47
57
87
39
48
80
35
44
77
39
50
84
41
54
88
40
56
89
37
55
90
34
54
89
31
51
86
31
50
83
29
48
81
30
48
81
36
53
86
38
55
88
37
55
86
35
53
84
37
53
84
42
58
87
44
58
87
42
56
85
41
55
83
42
56
84
43
59
88
38
58
90
88
110
142
91
116
148
81
109
143
155
186
219
180
213
246
187
220
249
172
203
233
151
179
210
165
190
220
186
207
235
205
223
249
214
230
255
217
231
255
173
186
217
97
108
140
20
30
62
39
48
78
64
71
100
60
65
93
55
57
83
59
59
82
60
58
79
61
57
78
66
61
81
69
64
83
66
60
77
77
71
90
69
65
84
65
60
81
76
71
92
73
68
89
65
60
81
83
81
100
86
85
102
87
88
100
87
89
99
75
78
86
94
99
102
111
116
119
111
116
118
95
99
104
89
93
100
76
78
88
74
74
91
81
80
99
75
73
96
72
69
94
73
70
95
72
70
92
71
70
89
71
71
87
70
71
84
66
68
79
63
62
77
68
67
83
76
75
91
75
74
90
68
67
83
64
63
79
66
65
81
67
66
82
64
63
79
60
59
75
57
56
72
57
56
72
57
56
72
58
57
73
58
55
70
55
52
67
52
49
64
52
49
64
53
50
65
53
50
65
52
49
64
50
47
62
46
43
58
44
41
56
45
42
57
45
42
57
42
39
54
44
41
56
46
43
59
42
39
55
38
35
51
37
34
49
39
36
50
40
39
50
42
41
51
41
40
49
40
40
46
40
40
46
41
42
46
40
42
44
39
41
42
36
37
42
38
38
44
43
42
46
44
43
46
43
43
44
44
42
42
43
41
40
44
42
41
46
41
42
47
42
43
46
41
45
46
39
45
44
36
43
44
35
44
47
40
45
48
41
46
49
42
46
48
41
44
46
39
42
45
39
40
45
39
40
47
42
42
48
43
42
45
40
39
45
40
37
56
51
48
63
58
55
55
49
46
55
48
45
61
55
52
68
63
60
51
47
46
61
58
57
65
63
62
110
106
107
154
149
150
176
169
172
169
160
163
152
140
144
140
125
131
146
130
137
161
147
143
156
144
138
159
147
141
153
144
137
129
122
115
108
102
95
107
101
94
64
58
51
73
67
60
54
47
40
65
56
49
81
69
63
62
50
44
57
44
37
53
44
34
57
48
39
84
73
66
72
60
54
59
47
42
72
59
55
56
41
38
68
54
49
81
66
59
73
57
49
58
43
32
61
48
33
74
59
43
88
73
56
82
68
47
83
66
45
89
68
46
82
56
29
108
76
45
124
87
50
127
87
41
128
88
31
147
105
36
192
154
72
227
189
97
218
181
81
215
180
76
213
177
73
215
179
74
221
187
80
206
172
65
208
174
67
207
176
67
216
185
76
199
169
60
192
164
53
213
185
74
235
207
96
231
205
91
221
195
81
213
186
75
224
195
91
229
200
96
238
209
105
242
211
108
212
181
78
195
165
60
210
179
74
218
186
80
221
189
82
220
186
79
56
56
91
56
56
91
55
57
89
54
58
87
55
59
86
56
61
85
56
63
85
55
64
84
58
67
87
59
69
91
57
68
90
54
65
88
51
62
86
51
61
86
53
65
88
56
69
93
51
63
87
50
62
87
59
70
97
60
72
99
53
66
92
44
57
85
36
50
78
32
46
75
35
49
78
37
51
80
36
50
79
31
47
75
30
45
73
38
54
82
43
55
84
42
53
83
46
57
87
40
51
83
35
45
78
34
46
80
36
51
84
40
57
90
41
59
94
38
58
93
34
55
90
26
45
79
24
43
77
23
42
76
25
43
76
31
48
81
39
56
89
45
62
93
45
60
92
46
61
91
45
61
90
43
58
87
41
55
84
42
56
84
42
59
88
36
57
88
93
115
147
88
114
147
57
85
119
137
168
202
177
210
244
188
220
252
174
205
236
152
181
212
159
184
214
183
204
232
210
228
251
220
235
255
200
212
239
123
135
166
58
68
100
28
38
69
56
64
93
63
69
98
61
65
93
50
52
78
55
54
78
57
55
77
61
57
78
66
61
82
68
62
82
63
57
76
73
68
88
73
69
89
65
60
80
73
68
90
79
75
97
76
73
94
87
85
105
90
89
106
97
98
111
94
97
106
65
70
75
54
60
62
63
69
70
79
85
86
97
101
105
100
103
110
89
90
101
76
76
92
77
75
95
76
72
96
75
72
97
75
71
96
71
68
91
70
68
88
69
69
85
68
69
82
67
67
79
64
63
78
69
68
84
76
75
91
74
73
89
67
66
82
62
61
77
62
61
77
64
63
79
61
60
76
58
57
73
56
55
71
56
55
71
58
57
73
59
58
74
57
54
69
54
51
66
51
48
63
51
48
63
52
49
64
52
48
64
51
48
63
51
48
63
46
43
58
44
41
56
46
43
58
46
43
58
43
40
55
44
40
57
46
42
60
42
39
55
39
36
52
38
34
49
39
36
50
41
39
50
40
40
49
39
38
46
38
38
44
38
39
43
39
41
44
39
41
43
38
40
41
36
37
41
38
38
43
42
42
45
45
44
46
44
45
44
44
43
42
43
42
41
47
45
44
48
45
45
49
44
45
47
42
45
46
39
45
44
36
43
44
35
43
47
39
44
49
40
46
51
42
47
51
42
47
49
41
44
45
38
39
44
37
38
45
38
39
44
37
37
39
32
32
39
33
30
48
42
39
52
46
43
44
37
34
40
34
31
38
33
30
51
47
44
61
58
57
80
77
76
82
80
79
119
116
117
161
156
158
181
174
177
165
155
160
142
129
134
133
118
125
151
135
142
158
145
140
150
138
132
152
141
134
150
141
134
127
120
113
106
100
93
104
99
92
62
57
50
77
71
64
57
50
43
69
59
52
91
80
73
76
64
58
65
53
46
64
55
45
72
63
53
97
88
79
81
70
63
65
53
48
77
64
60
58
44
39
69
55
49
84
70
62
76
62
51
60
46
33
65
51
36
79
65
49
86
73
54
83
70
48
83
67
44
85
65
41
90
64
37
108
76
45
123
85
49
122
83
37
119
79
22
141
99
30
189
150
69
219
180
90
214
177
79
212
177
74
216
181
75
215
180
74
219
185
78
204
171
63
204
172
64
208
176
68
215
184
74
197
168
58
190
162
51
211
183
71
233
206
93
229
203
89
221
196
81
214
188
75
223
193
91
230
200
98
233
204
101
231
201
97
213
181
79
202
172
68
211
180
75
219
187
82
223
191
84
223
190
83
57
57
93
57
58
93
58
59
92
57
61
90
58
62
90
58
63
88
58
65
87
56
65
85
56
65
85
56
67
88
56
67
89
56
66
90
55
65
89
53
63
87
52
63
87
54
66
90
48
60
84
47
59
83
58
69
96
62
74
100
55
67
94
46
58
86
36
49
77
31
45
73
33
47
76
34
48
77
33
47
76
30
46
73
31
48
75
43
60
87
45
58
87
42
53
83
45
56
86
42
53
84
36
47
79
31
43
77
33
48
81
39
57
91
43
63
98
42
62
97
37
58
93
23
42
77
21
40
75
18
37
72
17
36
69
26
44
77
41
58
91
52
69
101
51
66
98
49
64
95
47
63
92
43
59
88
42
56
84
42
56
84
42
59
88
35
56
87
97
119
151
87
113
147
39
67
101
124
154
189
176
208
243
189
221
254
176
207
239
154
183
214
154
179
209
181
202
230
214
232
253
224
240
255
187
198
228
85
96
128
29
38
71
34
43
75
68
75
105
63
68
96
62
66
94
47
48
74
52
51
75
56
54
76
61
57
78
67
62
83
67
61
82
61
55
74
70
65
86
77
72
93
65
60
81
70
66
88
84
81
103
85
83
103
90
89
108
92
92
109
105
107
119
100
103
112
57
64
67
23
31
31
26
34
33
56
61
63
99
102
106
109
112
119
99
99
111
78
77
94
74
71
92
76
72
96
78
74
100
76
72
97
71
67
90
69
67
87
68
67
84
68
68
81
67
67
79
65
64
79
70
69
85
76
75
91
74
73
89
66
65
81
61
60
76
60
59
75
62
61
77
59
58
74
56
55
71
55
54
70
56
55
71
58
57
73
60
59
75
55
52
67
53
50
65
50
47
62
51
48
63
52
49
64
51
48
63
51
48
63
51
48
63
47
44
59
45
42
57
47
44
59
47
44
59
44
41
56
44
40
57
45
41
60
43
39
56
39
36
52
38
35
50
39
36
50
41
39
50
39
38
48
37
37
44
36
36
42
36
37
41
38
40
43
38
40
41
37
39
40
36
37
41
38
39
43
42
43
45
45
45
46
45
46
45
44
45
43
44
42
41
50
48
47
50
47
47
50
45
47
48
42
46
46
40
45
44
36
43
44
35
42
48
38
44
50
40
46
52
42
48
53
43
49
51
42
45
45
37
39
43
35
36
44
36
37
41
33
33
34
26
26
35
28
25
43
36
33
44
37
34
36
29
26
29
24
21
21
16
13
39
36
32
69
66
65
95
93
92
95
93
92
126
124
124
167
162
164
185
178
181
163
152
158
134
121
127
128
113
120
155
139
146
155
143
139
146
134
128
148
136
130
147
138
131
126
119
112
105
99
92
102
99
91
60
57
49
80
74
67
60
53
46
71
62
55
99
88
81
87
75
69
71
59
53
73
64
54
83
74
64
108
99
90
89
78
71
71
59
53
81
69
63
59
47
41
69
56
49
86
73
65
78
65
53
62
49
35
68
55
39
83
70
53
85
73
52
84
71
48
83
67
44
82
62
37
97
70
43
108
76
45
122
85
48
119
80
34
113
73
16
136
95
26
186
147
67
212
174
85
212
175
77
210
175
72
218
184
77
215
181
74
218
184
76
203
170
61
201
170
61
209
178
69
214
184
73
196
168
57
189
161
49
210
183
69
232
205
91
228
202
88
221
196
80
215
189
76
222
192
91
231
201
100
229
199
98
222
193
90
213
182
79
208
177
74
212
182
77
220
188
83
225
193
87
226
192
85
57
57
93
57
57
93
58
59
92
57
60
90
57
61
90
58
62
88
58
64
87
55
64
85
56
65
84
55
65
87
55
66
88
55
66
89
55
65
89
54
64
88
52
63
87
54
66
90
48
60
84
47
59
83
58
69
96
61
73
100
55
67
94
46
58
86
36
50
78
31
45
73
33
47
76
34
48
77
33
47
76
30
46
73
31
48
75
43
60
87
45
59
87
41
53
82
45
56
86
42
53
84
36
47
79
31
43
77
32
48
81
39
57
90
42
62
97
41
61
96
36
57
93
23
42
77
22
41
76
19
38
73
18
38
71
28
45
78
42
59
92
53
70
101
51
66
98
49
64
95
46
62
91
42
58
87
42
56
84
42
56
84
42
59
88
34
55
86
95
118
150
88
114
148
40
68
102
124
154
189
176
208
243
190
222
254
177
208
240
154
184
215
154
180
209
181
203
230
213
231
252
220
236
252
181
192
222
81
92
124
29
38
71
35
44
76
68
75
104
62
67
95
62
65
93
48
49
75
53
52
76
57
54
76
61
57
79
67
62
83
68
61
82
62
56
75
71
66
87
77
72
93
65
60
81
69
66
88
83
80
102
84
82
102
89
88
107
91
91
107
100
102
115
96
99
108
59
65
69
29
37
37
32
40
40
60
65
66
99
102
107
109
111
118
98
98
110
78
77
94
74
72
92
76
72
96
78
74
100
76
72
97
70
67
90
69
67
87
68
67
84
67
67
80
67
67
79
65
64
79
69
68
84
76
75
91
74
73
88
66
65
81
61
60
76
59
59
75
62
61
77
59
58
74
56
55
71
55
54
70
55
54
71
58
57
73
60
59
75
55
52
67
53
50
65
50
47
62
51
48
63
52
49
64
51
48
63
51
48
63
51
48
63
46
43
58
45
42
57
47
43
58
46
43
58
44
41
56
44
40
57
45
41
60
42
39
56
39
36
52
38
35
50
38
36
50
41
39
50
39
38
47
37
37
43
36
36
42
36
37
41
38
40
42
38
40
41
37
39
40
36
37
41
38
39
43
42
43
44
45
45
46
45
46
45
43
44
42
44
42
41
50
48
47
50
47
47
50
45
46
48
42
46
45
39
44
44
36
43
43
35
42
47
37
43
49
39
45
52
42
48
53
43
49
51
42
45
45
36
39
43
35
36
44
36
37
41
33
33
35
27
27
36
29
26
43
36
33
44
37
34
37
30
27
31
25
22
23
18
15
41
38
34
70
67
66
93
91
90
93
91
90
126
124
124
166
162
163
184
177
180
162
151
157
133
120
126
128
112
119
154
138
145
155
143
139
146
134
129
148
137
131
147
138
131
125
118
111
103
97
90
99
96
88
62
58
50
82
76
69
63
56
49
73
64
57
99
88
81
87
75
69
71
60
53
73
64
54
82
74
64
107
98
89
88
77
70
71
59
53
81
69
63
60
47
41
71
57
50
86
73
65
78
64
53
63
50
36
68
55
39
82
70
53
85
73
53
86
72
49
83
68
45
82
62
37
97
71
44
107
75
44
122
85
48
121
81
36
114
74
17
137
95
27
186
147
67
212
174
85
212
175
77
210
175
72
218
184
77
215
181
74
217
184
76
203
170
61
201
169
60
209
178
68
213
183
72
195
167
56
188
161
48
210
183
69
231
205
91
227
201
87
221
196
80
215
189
76
222
192
91
230
200
99
229
199
98
221
192
89
213
182
79
208
177
74
212
182
76
220
188
83
225
193
87
226
192
85
60
59
98
59
59
94
58
59
92
56
58
89
55
58
87
53
58
83
53
59
82
49
58
78
43
52
72
38
48
69
40
51
73
50
60
84
62
72
96
66
76
99
61
72
94
57
67
90
49
60
84
48
60
84
55
67
92
60
71
98
55
68
94
48
61
88
43
55
83
38
52
80
37
51
80
34
48
77
30
44
73
30
48
74
37
57
82
53
70
97
47
63
91
37
51
79
42
54
84
45
56
87
43
56
88
34
46
80
29
44
78
31
49
84
32
52
87
28
49
85
22
45
81
34
52
89
45
64
99
50
69
104
51
70
105
56
74
107
64
81
114
66
83
116
53
69
101
46
62
92
41
57
86
38
54
83
37
54
81
43
57
85
43
60
89
25
48
78
80
104
136
104
131
165
58
86
120
123
155
190
179
211
243
196
228
255
188
220
251
170
199
230
159
185
214
189
210
237
204
222
247
160
177
201
80
91
122
22
31
64
29
36
69
54
61
91
67
72
102
55
58
87
64
65
92
66
65
91
69
66
90
68
65
87
69
64
87
75
68
91
78
71
92
75
68
89
82
80
100
85
82
103
71
68
90
62
59
81
66
63
85
66
64
86
72
71
91
72
72
89
29
32
43
30
36
42
85
93
94
123
131
130
144
153
149
125
132
130
111
114
118
99
101
109
88
88
100
83
82
98
81
79
100
80
76
101
81
76
103
76
71
98
70
65
91
68
66
86
66
65
82
65
65
78
65
65
76
64
64
79
67
67
83
70
70
86
69
69
85
64
64
80
58
58
74
54
54
70
57
57
73
55
55
71
53
53
69
52
52
68
53
53
69
55
55
71
57
57
73
54
51
66
52
49
64
51
48
63
52
49
64
53
50
65
52
49
64
50
47
62
47
44
59
44
41
56
43
40
55
43
40
55
43
40
55
42
39
54
41
37
54
40
36
55
40
37
53
38
35
51
36
33
48
37
34
48
39
37
48
37
36
46
35
35
42
34
35
39
35
37
40
37
39
40
37
39
40
36
38
38
36
38
39
38
40
41
41
43
43
43
45
44
44
45
42
43
44
40
43
42
38
51
50
46
50
47
46
49
45
45
47
42
43
45
39
43
42
35
42
41
34
41
43
32
40
45
34
42
48
37
44
50
40
46
48
39
42
42
33
36
43
35
37
52
44
45
54
46
46
53
45
45
50
43
40
47
40
37
46
39
36
55
48
45
59
54
51
55
50
47
84
81
77
86
83
82
71
69
68
70
68
68
119
117
118
164
159
161
177
170
173
146
136
142
122
108
115
120
103
112
140
123
132
156
144
140
156
145
139
159
149
142
149
140
133
113
106
99
75
71
63
60
57
49
88
85
77
122
118
110
112
105
98
99
90
83
101
91
84
89
77
71
76
65
58
74
66
54
80
71
61
94
85
76
80
71
62
70
59
52
86
74
68
74
61
55
94
80
73
97
84
75
70
57
45
84
71
57
77
64
48
73
61
43
90
78
57
103
90
67
96
81
58
90
70
45
110
83
56
104
72
41
119
82
46
146
105
62
135
94
41
148
106
39
196
156
78
214
175
86
217
180
83
209
174
72
219
186
78
216
183
74
217
184
75
203
170
60
197
166
55
210
180
69
209
179
67
195
168
54
188
161
46
208
182
66
227
202
86
223
198
82
220
195
79
218
192
80
218
189
89
227
199
98
222
193
92
211
181
80
212
183
79
213
182
79
211
179
75
218
186
81
225
193
86
227
193
86
60
59
98
59
59
94
58
59
92
56
58
89
55
58
87
53
58
83
53
59
82
49
58
78
43
52
72
38
48
69
40
51
73
50
60
84
62
72
96
66
76
99
61
72
94
57
67
90
49
60
84
48
60
84
55
67
92
60
71
98
55
68
94
48
61
88
43
55
83
38
52
80
37
51
80
34
48
77
30
44
73
30
48
74
37
57
82
53
70
97
47
63
91
37
51
79
42
54
84
45
56
87
43
56
88
34
46
80
29
44
78
31
49
84
32
52
87
28
49
85
22
45
81
34
52
89
45
64
99
50
69
104
51
70
105
56
74
107
64
81
114
66
83
116
53
69
101
46
62
92
41
57
86
38
54
83
37
54
81
43
57
85
43
60
89
25
48
78
80
104
136
104
131
165
58
86
120
123
155
190
179
211
243
196
228
255
188
220
251
170
199
230
159
185
214
189
210
237
204
222
247
160
177
201
80
91
122
22
31
64
29
36
69
54
61
91
67
72
102
55
58
87
64
65
92
66
65
91
69
66
90
68
65
87
69
64
87
75
68
91
78
71
92
75
68
89
82
80
100
85
82
103
71
68
90
62
59
81
66
63
85
66
64
86
72
71
91
72
72
89
29
32
43
30
36
42
85
93
94
123
131
130
144
153
149
125
132
130
111
114
118
99
101
109
88
88
100
83
82
98
81
79
100
80
76
101
81
76
103
76
71
98
70
65
91
68
66
86
66
65
82
65
65
78
65
65
76
64
64
79
67
67
83
70
70
86
69
69
85
64
64
80
58
58
74
54
54
70
57
57
73
55
55
71
53
53
69
52
52
68
53
53
69
55
55
71
57
57
73
54
51
66
52
49
64
51
48
63
52
49
64
53
50
65
52
49
64
50
47
62
47
44
59
44
41
56
43
40
55
43
40
55
43
40
55
42
39
54
41
37
54
40
36
55
40
37
53
38
35
51
36
33
48
37
34
48
39
37
48
37
36
46
35
35
42
34
35
39
35
37
40
37
39
40
37
39
40
36
38
38
36
38
39
38
40
41
41
43
43
43
45
44
44
45
42
43
44
40
43
42
38
51
50
46
50
47
46
49
45
45
47
42
43
45
39
43
42
35
42
41
34
41
43
32
40
45
34
42
48
37
44
50
40
46
48
39
42
42
33
36
43
35
37
52
44
45
54
46
46
53
45
45
50
43
40
47
40
37
46
39
36
55
48
45
59
54
51
55
50
47
84
81
77
86
83
82
71
69
68
70
68
68
119
117
118
164
159
161
177
170
173
146
136
142
122
108
115
120
103
112
140
123
132
156
144
140
156
145
139
159
149
142
149
140
133
113
106
99
75
71
63
60
57
49
88
85
77
122
118
110
112
105
98
99
90
83
101
91
84
89
77
71
76
65
58
74
66
54
80
71
61
94
85
76
80
71
62
70
59
52
86
74
68
74
61
55
94
80
73
97
84
75
70
57
45
84
71
57
77
64
48
73
61
43
90
78
57
103
90
67
96
81
58
90
70
45
110
83
56
104
72
41
119
82
46
146
105
62
135
94
41
148
106
39
196
156
78
214
175
86
217
180
83
209
174
72
219
186
78
216
183
74
217
184
75
203
170
60
197
166
55
210
180
69
209
179
67
195
168
54
188
161
46
208
182
66
227
202
86
223
198
82
220
195
79
218
192
80
218
189
89
227
199
98
222
193
92
211
181
80
212
183
79
213
182
79
211
179
75
218
186
81
225
193
86
227
193
86
59
58
96
56
56
92
53
54
88
50
52
83
49
52
80
48
53
78
48
54
77
44
51
73
39
48
68
35
45
66
36
46
69
46
56
79
60
70
94
67
77
101
62
73
95
55
66
89
50
61
85
49
61
85
52
64
89
55
66
93
52
65
91
47
59
86
42
54
82
38
51
79
39
53
82
39
52
81
36
50
79
35
54
80
42
62
87
54
73
99
46
63
90
34
49
77
40
53
82
43
55
86
44
57
89
33
47
80
27
43
77
27
46
81
26
47
82
23
45
81
21
45
81
44
62
99
66
84
121
84
103
138
87
106
141
81
100
134
70
87
120
57
74
107
45
63
94
38
55
85
35
50
80
34
50
79
33
51
78
41
56
84
35
53
82
18
40
71
75
100
131
93
119
153
48
76
111
133
165
200
173
206
240
184
217
248
184
215
248
170
199
232
162
187
217
171
192
220
160
178
204
105
121
145
43
52
84
25
32
66
43
50
82
57
63
93
64
68
98
61
65
93
65
67
93
66
65
91
70
67
91
68
64
87
66
61
84
72
64
87
75
67
90
74
66
88
82
80
100
69
66
88
67
64
86
59
57
78
40
37
59
35
33
55
53
52
71
59
61
77
47
50
62
65
71
77
144
151
152
185
195
193
178
189
184
125
132
130
102
104
109
88
89
96
84
83
95
85
83
100
82
79
101
81
75
101
81
74
102
75
69
97
71
66
91
71
67
88
68
66
83
64
63
76
63
63
73
62
62
77
63
63
80
66
66
82
66
66
82
63
63
79
57
57
73
52
52
69
56
56
72
54
54
70
52
52
68
50
50
66
51
51
66
52
52
68
53
53
70
52
49
64
50
47
62
50
47
61
51
47
62
51
48
63
50
47
62
47
44
59
44
41
56
42
40
55
41
38
53
40
37
52
40
37
51
40
37
52
38
34
51
37
33
52
39
35
52
38
35
51
36
33
48
36
33
47
38
36
47
38
37
46
36
36
43
35
36
40
36
37
40
37
39
40
37
39
39
36
38
38
36
38
39
37
39
40
39
41
41
41
43
41
42
44
40
41
42
38
41
42
36
47
46
42
46
44
42
45
41
41
44
39
41
43
37
41
41
34
40
41
33
40
43
31
39
43
31
39
45
33
40
47
36
42
47
36
41
43
33
36
40
30
33
40
31
32
45
36
36
48
39
39
43
35
32
39
31
28
47
39
36
64
57
53
83
78
75
80
75
72
85
82
78
88
85
84
77
75
74
53
51
51
113
110
112
167
162
164
170
163
167
137
126
133
127
113
121
129
113
122
131
114
123
141
129
125
148
136
130
152
142
135
138
129
122
102
95
89
69
65
58
58
55
47
61
58
50
97
93
85
99
92
85
83
75
68
76
66
60
71
59
53
67
56
49
68
60
47
70
61
50
79
70
61
73
64
55
69
59
51
85
74
67
77
65
58
95
83
75
97
85
76
73
60
48
84
71
56
80
67
50
75
63
45
95
84
61
112
99
74
103
88
63
95
75
51
106
79
52
100
68
37
120
83
47
158
118
75
143
102
49
148
106
39
199
159
81
220
181
93
228
190
94
217
182
80
217
184
76
215
182
72
218
185
75
203
171
61
195
164
54
209
179
67
206
177
64
198
171
57
191
164
49
210
185
69
228
203
86
221
197
79
220
196
78
220
195
82
216
188
88
225
197
97
224
195
94
213
183
82
210
181
78
210
179
76
207
176
72
217
185
80
225
192
85
226
192
85
58
57
95
54
54
90
49
50
85
45
47
78
44
47
75
44
49
74
44
50
73
39
46
68
36
45
65
34
42
64
33
43
66
42
52
76
59
69
93
68
78
102
64
75
97
55
65
88
51
61
85
50
62
86
50
62
87
52
63
90
51
63
89
46
58
85
41
53
81
39
51
79
41
55
83
42
56
85
41
55
84
39
59
85
46
66
91
56
76
101
46
63
90
32
48
76
38
52
81
41
55
86
44
57
89
33
48
81
25
43
77
24
43
78
22
43
78
19
43
79
22
46
82
52
70
107
84
102
139
112
130
166
117
136
171
102
121
156
75
92
125
50
67
100
40
58
89
32
49
79
29
45
74
30
46
75
31
48
75
39
56
83
29
47
76
12
34
65
72
97
128
83
110
143
40
68
103
141
174
209
168
202
238
175
208
243
180
211
246
171
199
233
164
189
219
157
178
206
125
143
169
59
75
100
12
21
53
27
33
68
54
61
94
59
64
95
61
65
95
66
70
98
67
68
95
67
66
92
71
67
92
68
63
87
65
59
82
68
61
84
73
65
88
73
65
88
83
80
101
57
54
76
64
61
83
57
54
76
18
16
38
10
8
30
37
37
56
49
51
68
62
66
77
94
100
106
192
200
200
237
248
245
207
219
213
125
133
130
95
96
101
79
78
87
81
79
91
88
84
101
84
78
101
81
75
101
81
73
102
76
68
96
72
66
91
74
68
90
70
66
84
64
62
75
62
61
71
61
61
76
61
61
77
62
62
78
63
63
79
62
62
78
57
57
73
51
51
67
55
55
71
54
54
70
51
51
67
49
49
65
49
49
65
50
50
66
51
51
67
51
48
63
49
46
61
49
46
61
50
47
62
50
47
62
49
46
61
45
42
57
41
38
53
41
38
53
40
37
52
38
35
50
37
34
49
38
35
50
36
33
50
35
31
50
38
34
51
38
35
51
36
33
48
35
33
47
37
35
46
39
38
47
37
37
44
36
37
41
36
38
39
37
39
40
37
39
39
35
37
37
36
38
39
37
39
39
38
41
40
39
42
39
40
42
38
40
41
37
39
41
35
44
43
39
43
41
38
42
39
39
42
37
39
41
36
40
40
34
39
41
33
40
43
30
38
42
29
37
43
30
38
45
33
39
46
34
40
44
33
36
38
27
29
31
20
22
38
28
28
43
33
33
38
28
26
33
24
21
48
39
36
72
65
61
103
99
95
100
95
92
86
83
79
90
86
85
82
80
80
39
37
37
108
105
106
169
165
167
165
158
163
130
119
125
132
118
126
137
121
130
124
107
116
129
117
113
140
129
122
146
137
130
129
121
114
94
87
80
65
61
53
56
53
45
39
36
28
76
72
64
89
82
75
71
63
56
56
46
39
56
44
38
60
49
41
63
55
42
62
54
42
67
58
48
68
59
50
68
59
50
85
74
66
79
68
60
97
85
76
98
86
76
74
63
50
83
71
55
82
70
52
77
66
47
100
89
65
118
106
80
108
94
68
100
80
55
103
76
49
96
64
33
121
83
48
169
129
86
150
109
55
148
106
39
202
162
84
225
185
98
237
199
103
223
188
86
216
183
75
214
181
71
219
186
76
204
173
62
193
163
52
209
179
67
203
176
62
201
174
60
193
167
52
212
187
71
228
203
85
220
196
77
221
197
78
223
198
83
215
186
87
224
195
96
227
197
97
215
185
84
209
179
78
207
176
73
205
173
69
216
184
79
225
192
85
225
191
84
57
56
95
53
53
90
49
49
84
45
46
78
44
46
75
44
48
74
44
50
73
39
46
68
36
45
65
34
42
64
33
43
65
42
52
76
59
69
93
68
78
101
63
74
96
54
64
88
51
61
85
50
62
86
50
62
86
51
62
89
50
62
89
45
58
85
40
52
80
39
51
78
40
54
83
42
56
85
42
56
84
40
59
86
46
66
91
56
76
101
45
62
89
32
48
76
38
52
81
41
54
86
44
57
89
32
48
81
25
43
77
24
44
78
22
43
79
20
43
79
23
47
83
53
71
108
84
102
139
110
129
165
116
135
170
101
120
154
74
91
124
50
67
99
39
57
88
31
49
78
29
45
74
30
46
75
31
48
75
39
56
83
29
48
76
12
35
65
72
96
128
83
109
143
39
67
102
140
172
207
168
202
238
175
208
243
180
211
245
172
200
234
164
189
219
155
176
204
122
140
166
58
75
99
13
22
54
28
34
69
54
61
94
59
64
95
61
65
95
66
70
98
67
68
95
67
66
92
71
67
92
68
63
87
64
58
82
68
61
84
72
65
87
73
65
88
81
79
99
58
55
77
65
61
83
55
53
75
19
17
39
12
10
32
35
35
55
49
51
68
67
71
82
99
105
111
194
201
202
236
247
244
206
218
212
123
131
128
93
94
99
79
78
86
82
80
92
88
84
101
83
78
100
81
74
100
81
73
102
75
68
96
72
66
91
74
68
90
70
66
84
64
61
75
62
60
71
61
61
75
61
61
77
62
62
78
63
63
79
62
62
78
57
57
73
51
51
67
55
55
70
53
53
69
51
51
67
49
49
65
49
49
65
50
50
65
51
51
67
50
47
63
49
46
61
48
45
60
49
46
61
50
47
62
48
45
60
45
42
57
41
38
53
41
38
53
40
37
52
38
35
50
37
34
49
38
35
50
36
33
49
35
31
50
37
34
51
38
35
51
36
33
48
35
33
47
37
35
46
39
38
47
37
37
44
36
37
41
36
38
39
37
39
40
37
39
39
35
37
37
36
38
38
37
39
39
38
40
40
39
42
39
40
42
38
40
41
37
39
41
35
43
43
38
42
41
38
42
39
39
42
37
39
41
35
39
40
34
39
41
33
40
43
30
38
42
29
37
42
29
37
45
33
39
46
34
40
44
33
35
38
27
29
31
20
22
39
28
29
44
34
34
38
29
26
34
25
22
50
41
38
73
67
62
104
99
95
101
96
93
87
83
80
90
86
86
83
81
81
43
41
41
110
108
109
170
166
168
165
158
163
129
118
125
132
118
126
138
122
130
124
107
116
128
115
111
139
127
121
144
135
128
128
120
113
93
87
80
65
61
53
58
55
47
39
36
28
75
71
63
88
81
74
70
62
55
55
46
39
56
44
38
60
49
41
63
55
42
62
54
42
67
58
48
68
59
50
68
59
50
84
73
65
79
68
60
95
84
75
98
86
76
75
64
50
82
70
54
82
70
52
78
67
48
100
89
65
118
105
79
108
93
67
100
80
55
102
76
49
96
64
33
121
84
48
170
130
87
151
110
56
147
106
39
201
161
84
224
185
97
236
198
103
222
187
85
216
182
74
214
181
71
219
186
76
204
173
62
193
163
52
209
179
67
203
176
62
201
174
60
193
167
52
212
187
71
228
203
85
220
196
77
221
197
78
223
198
83
215
186
87
224
194
96
227
197
97
215
186
84
209
179
78
206
175
72
204
173
69
216
184
79
225
191
85
225
191
84
54
51
90
46
46
84
39
40
75
35
36
68
35
37
66
38
42
68
38
44
67
32
39
61
38
47
67
41
49
71
36
47
69
37
47
71
50
60
84
60
70
93
56
67
89
45
56
78
46
56
80
47
59
83
40
52
76
39
51
76
44
56
82
41
53
80
31
43
71
29
41
69
37
51
79
49
63
92
58
72
101
51
71
97
49
71
96
56
76
101
43
61
88
31
47
75
36
51
80
39
53
84
32
47
79
27
42
75
26
43
77
28
47
82
30
51
87
38
61
97
51
75
111
82
100
137
85
103
140
81
99
135
73
92
127
65
84
119
56
73
106
42
59
91
30
48
79
22
39
69
23
39
68
27
43
72
31
48
75
41
58
85
39
58
87
27
50
80
65
90
121
81
108
142
21
51
86
109
142
177
168
202
238
188
221
255
183
214
248
187
215
249
177
203
232
112
133
160
53
71
97
38
54
78
42
50
82
56
62
97
60
65
97
67
71
102
66
68
99
68
71
100
66
68
94
65
65
89
71
68
93
71
66
91
69
62
85
70
62
85
73
65
88
74
64
87
51
49
69
89
86
108
70
67
89
27
25
47
51
49
71
64
62
84
4
4
23
59
61
77
201
205
214
235
241
245
243
252
253
227
239
233
184
197
188
72
80
76
46
47
52
79
78
86
106
104
116
90
87
104
65
59
83
70
64
90
78
70
99
74
67
95
73
67
92
78
72
94
73
69
87
63
60
74
58
57
68
58
58
72
56
56
72
56
56
72
59
59
75
61
61
77
57
57
73
50
50
66
54
54
70
53
53
69
50
50
66
48
48
64
46
46
62
45
45
61
45
45
61
46
43
58
44
41
56
44
41
56
45
42
57
46
43
58
44
41
56
42
39
54
43
40
55
45
42
57
44
41
56
39
36
51
38
35
50
41
38
53
37
33
50
32
28
47
37
33
52
39
36
52
37
34
49
35
33
47
37
35
46
41
40
49
40
40
47
38
39
43
38
40
41
38
40
41
37
39
39
35
37
37
35
37
37
36
38
38
36
39
37
37
40
37
37
39
35
37
39
34
37
39
33
37
37
31
37
35
32
37
34
33
38
33
35
38
32
36
39
33
38
40
32
39
45
32
40
40
27
35
38
25
33
40
28
34
45
33
39
46
35
38
45
34
37
47
36
38
55
45
46
63
54
51
55
46
43
59
50
47
96
87
84
109
103
98
120
115
112
125
120
117
112
109
105
96
93
90
107
105
104
138
136
136
178
176
177
198
193
195
160
153
158
107
96
103
135
121
129
157
141
150
125
108
117
90
77
73
104
92
86
113
103
96
99
91
84
80
74
67
79
75
67
91
88
80
35
32
24
56
52
45
79
72
65
68
60
53
48
39
32
56
44
38
69
58
51
70
63
50
66
58
45
64
56
45
73
64
54
75
66
57
80
69
61
70
59
51
69
58
48
85
73
62
90
79
65
63
50
34
88
77
58
103
92
72
104
93
69
107
95
69
101
86
60
98
78
53
87
61
34
93
61
31
129
92
56
198
157
114
170
128
77
147
104
39
195
154
78
214
175
88
224
186
90
200
165
63
207
174
65
213
180
70
223
190
80
207
176
65
190
160
48
208
178
65
200
173
59
209
182
67
201
175
59
218
193
76
231
207
88
221
197
78
224
200
81
226
202
88
214
185
86
220
191
92
232
204
104
223
194
93
205
175
74
196
165
62
199
167
63
216
184
79
225
192
85
224
190
83
54
51
90
46
46
84
39
40
75
35
36
68
35
37
66
38
42
68
38
44
67
32
39
61
38
47
67
41
49
71
36
47
69
37
47
71
50
60
84
60
70
93
56
67
89
45
56
78
46
56
80
47
59
83
40
52
76
39
51
76
44
56
82
41
53
80
31
43
71
29
41
69
37
51
79
49
63
92
58
72
101
51
71
97
49
71
96
56
76
101
43
61
88
31
47
75
36
51
80
39
53
84
32
47
79
27
42
75
26
43
77
28
47
82
30
51
87
38
61
97
51
75
111
82
100
137
85
103
140
81
99
135
73
92
127
65
84
119
56
73
106
42
59
91
30
48
79
22
39
69
23
39
68
27
43
72
31
48
75
41
58
85
39
58
87
27
50
80
65
90
121
81
108
142
21
51
86
109
142
177
168
202
238
188
221
255
183
214
248
187
215
249
177
203
232
112
133
160
53
71
97
38
54
78
42
50
82
56
62
97
60
65
97
67
71
102
66
68
99
68
71
100
66
68
94
65
65
89
71
68
93
71
66
91
69
62
85
70
62
85
73
65
88
74
64
87
51
49
69
89
86
108
70
67
89
27
25
47
51
49
71
64
62
84
4
4
23
59
61
77
201
205
214
235
241
245
243
252
253
227
239
233
184
197
188
72
80
76
46
47
52
79
78
86
106
104
116
90
87
104
65
59
83
70
64
90
78
70
99
74
67
95
73
67
92
78
72
94
73
69
87
63
60
74
58
57
68
58
58
72
56
56
72
56
56
72
59
59
75
61
61
77
57
57
73
50
50
66
54
54
70
53
53
69
50
50
66
48
48
64
46
46
62
45
45
61
45
45
61
46
43
58
44
41
56
44
41
56
45
42
57
46
43
58
44
41
56
42
39
54
43
40
55
45
42
57
44
41
56
39
36
51
38
35
50
41
38
53
37
33
50
32
28
47
37
33
52
39
36
52
37
34
49
35
33
47
37
35
46
41
40
49
40
40
47
38
39
43
38
40
41
38
40
41
37
39
39
35
37
37
35
37
37
36
38
38
36
39
37
37
40
37
37
39
35
37
39
34
37
39
33
37
37
31
37
35
32
37
34
33
38
33
35
38
32
36
39
33
38
40
32
39
45
32
40
40
27
35
38
25
33
40
28
34
45
33
39
46
35
38
45
34
37
47
36
38
55
45
46
63
54
51
55
46
43
59
50
47
96
87
84
109
103
98
120
115
112
125
120
117
112
109
105
96
93
90
107
105
104
138
136
136
178
176
177
198
193
195
160
153
158
107
96
103
135
121
129
157
141
150
125
108
117
90
77
73
104
92
86
113
103
96
99
91
84
80
74
67
79
75
67
91
88
80
35
32
24
56
52
45
79
72
65
68
60
53
48
39
32
56
44
38
69
58
51
70
63
50
66
58
45
64
56
45
73
64
54
75
66
57
80
69
61
70
59
51
69
58
48
85
73
62
90
79
65
63
50
34
88
77
58
103
92
72
104
93
69
107
95
69
101
86
60
98
78
53
87
61
34
93
61
31
129
92
56
198
157
114
170
128
77
147
104
39
195
154
78
214
175
88
224
186
90
200
165
63
207
174
65
213
180
70
223
190
80
207
176
65
190
160
48
208
178
65
200
173
59
209
182
67
201
175
59
218
193
76
231
207
88
221
197
78
224
200
81
226
202
88
214
185
86
220
191
92
232
204
104
223
194
93
205
175
74
196
165
62
199
167
63
216
184
79
225
192
85
224
190
83
45
46
82
39
41
76
36
38
71
34
38
68
34
39
67
36
42
68
39
46
70
34
41
64
38
46
69
41
49
74
36
44
70
33
41
68
42
50
79
50
59
84
45
59
76
39
52
69
39
51
70
41
53
72
41
52
72
43
53
74
46
56
78
41
52
75
32
44
67
32
46
69
45
59
83
55
72
95
60
77
100
63
78
102
60
73
98
57
70
95
57
73
96
58
77
99
59
79
101
52
73
96
41
64
87
35
60
84
38
64
90
39
66
95
41
68
100
50
77
112
55
83
117
88
100
140
85
97
136
70
84
121
58
72
108
50
64
99
43
58
90
39
54
85
30
45
75
27
43
70
23
40
65
27
45
69
37
55
77
39
58
79
27
47
73
16
39
73
62
86
120
91
115
151
42
69
105
125
153
188
170
197
232
194
221
254
190
216
249
195
219
252
149
173
202
72
94
122
26
46
73
32
51
77
54
61
93
61
65
99
58
62
93
60
63
92
63
65
92
68
70
95
67
69
91
65
66
85
68
67
86
68
65
85
72
67
86
65
59
78
65
58
78
89
81
101
62
60
82
78
76
98
51
49
73
37
36
60
128
128
151
143
144
167
27
29
52
57
62
82
178
187
200
213
225
234
234
247
251
230
247
245
189
208
205
90
104
103
68
75
80
80
86
94
86
90
100
78
78
94
69
67
88
70
66
89
71
65
91
69
62
88
69
62
88
72
67
89
69
67
86
62
61
76
56
55
69
56
54
72
54
53
72
53
52
70
55
52
71
56
53
72
54
52
70
52
49
67
55
52
69
55
51
68
54
50
66
53
49
65
52
47
63
52
46
62
51
45
61
44
42
57
40
38
53
39
37
52
41
39
55
44
42
57
42
40
55
40
38
53
40
38
53
42
40
55
41
39
55
40
38
53
38
36
51
34
32
48
32
30
46
34
31
49
35
33
50
35
34
48
33
32
44
35
34
43
38
38
45
41
41
46
41
40
44
39
40
42
40
39
41
40
39
41
39
39
41
39
38
40
39
37
41
39
38
41
41
38
41
40
38
40
40
37
39
39
37
37
39
37
37
37
33
33
37
33
33
38
33
34
41
35
36
42
35
37
40
33
36
38
30
34
41
31
34
40
30
33
40
30
33
42
32
33
43
34
35
43
34
34
45
36
36
52
43
43
51
43
41
48
40
38
53
46
42
62
54
51
88
80
77
100
94
90
107
103
99
115
110
106
109
106
101
104
101
97
128
124
122
158
153
152
175
169
170
181
175
176
134
125
128
118
107
111
131
119
124
150
136
141
125
111
116
94
82
80
123
111
109
112
101
98
109
99
94
99
88
84
86
76
71
87
77
71
65
55
49
71
59
53
84
70
65
74
59
53
56
40
33
65
47
41
82
66
58
80
67
52
75
62
47
68
54
41
68
54
43
73
59
49
78
63
54
71
56
46
65
51
40
82
68
55
81
68
53
63
50
33
87
74
56
91
80
60
87
76
53
91
79
53
98
83
56
105
85
56
102
77
45
103
72
38
127
90
53
170
129
89
148
105
58
124
80
22
174
133
62
221
183
98
221
187
90
209
178
72
209
175
66
214
180
70
219
185
75
210
177
65
199
167
53
212
181
66
204
175
59
215
187
70
207
179
64
221
193
79
230
204
90
219
192
80
222
194
83
231
203
96
214
183
85
218
187
89
235
205
105
233
202
103
208
177
77
194
162
61
199
168
66
214
182
80
221
189
85
222
190
85
36
41
74
32
37
70
32
38
68
34
41
68
34
41
68
36
43
68
40
47
72
36
43
68
39
46
72
42
49
76
37
43
71
30
36
66
36
41
74
41
50
76
36
52
65
34
50
63
34
47
61
37
48
62
42
52
69
47
56
73
48
57
75
42
52
70
33
45
63
36
50
69
52
67
86
61
79
98
62
82
100
74
84
107
70
75
100
58
66
89
69
85
103
83
103
120
80
104
120
64
92
107
49
79
94
43
76
93
49
82
103
49
82
107
52
84
113
61
92
124
59
90
123
93
101
143
85
93
133
61
70
109
45
54
91
37
46
81
31
44
76
37
51
79
29
44
71
30
46
70
24
42
63
27
47
66
42
62
79
38
58
74
17
38
62
7
30
68
59
82
120
99
122
160
62
86
122
140
163
199
172
194
227
200
222
254
197
219
250
202
223
254
124
146
174
38
59
87
3
23
51
28
49
76
65
71
103
67
68
100
57
59
89
54
56
83
61
63
86
68
70
90
68
69
88
66
66
82
65
65
79
66
65
79
75
72
87
61
56
73
59
53
70
103
97
114
73
71
93
69
66
90
35
33
58
45
46
71
197
198
223
213
217
242
46
52
77
55
64
86
157
170
188
194
210
224
225
244
251
232
254
255
194
217
219
106
126
128
87
101
106
81
93
101
68
77
87
66
71
86
73
74
93
70
68
89
65
60
84
64
58
83
65
59
84
66
64
85
67
65
85
61
61
79
54
54
71
54
51
72
53
50
72
51
48
69
51
46
67
51
46
67
52
47
67
54
49
68
56
50
69
58
50
67
58
50
67
57
49
66
58
48
65
57
47
63
56
46
62
42
41
57
36
35
51
35
34
50
39
38
54
43
42
58
41
40
56
37
36
52
37
36
52
40
39
55
39
38
54
40
39
55
38
37
53
28
27
43
28
27
43
35
34
50
34
34
48
32
32
44
31
32
41
35
36
41
40
41
44
42
42
44
41
41
41
41
41
41
42
39
41
42
39
41
42
38
42
43
39
44
42
37
46
42
38
44
45
38
45
44
37
44
42
35
42
41
35
41
42
35
40
37
30
35
37
30
33
40
32
35
45
36
38
45
37
38
41
33
34
36
28
29
39
32
29
40
33
30
42
35
32
43
36
33
42
35
32
40
33
30
45
38
35
57
50
47
48
41
38
36
29
26
52
45
42
65
58
55
80
73
70
92
86
82
96
92
87
106
102
97
107
103
98
112
107
104
147
141
138
176
169
166
172
164
163
167
159
159
111
101
101
128
118
118
129
118
120
143
132
134
125
114
116
98
86
87
141
129
129
112
99
99
119
106
104
116
102
100
92
77
74
83
66
63
92
75
71
84
65
60
89
69
64
80
59
53
62
40
34
73
51
45
94
73
64
89
71
54
84
66
50
72
53
38
63
46
32
70
52
41
77
59
48
71
53
42
62
45
34
79
63
50
74
59
43
63
49
31
85
72
54
81
70
50
72
61
39
77
64
39
96
81
52
111
92
59
116
91
55
112
82
45
124
87
50
146
105
66
129
84
41
104
59
6
157
115
48
227
191
108
220
189
90
217
190
81
210
175
67
216
181
71
215
181
70
213
179
66
207
173
57
217
184
67
208
178
59
221
190
73
213
182
68
224
194
82
230
201
92
217
187
82
220
189
86
236
205
103
214
181
84
215
182
85
237
205
107
243
211
112
211
179
80
192
160
60
200
168
68
212
180
80
219
187
85
221
190
87
36
41
74
32
37
70
32
38
68
34
41
68
34
41
68
36
43
68
40
47
72
36
43
68
39
46
72
41
48
75
36
43
71
31
36
67
36
41
74
41
50
76
36
52
65
34
49
62
34
47
61
37
48
62
42
52
69
47
56
73
48
57
75
42
51
70
33
45
63
36
50
69
52
67
86
61
79
98
62
82
100
74
84
107
70
75
100
58
66
89
69
85
103
83
103
120
80
105
121
64
92
108
49
80
95
44
77
94
50
83
104
49
83
107
52
84
113
62
92
125
60
91
124
93
101
143
84
92
132
61
70
109
45
54
91
36
46
81
31
44
76
36
50
79
29
44
71
30
46
70
24
42
63
27
47
66
42
62
79
38
58
74
17
38
62
8
30
69
59
82
120
99
122
160
62
86
122
139
163
198
171
193
227
200
222
254
197
219
250
201
222
253
123
145
173
37
59
87
3
24
52
28
49
76
64
71
103
66
68
100
57
59
89
54
56
83
61
63
86
68
70
90
68
69
88
66
66
82
65
65
79
66
65
79
75
72
87
62
57
73
59
53
70
102
96
113
73
71
93
69
66
89
35
34
58
46
47
72
197
198
222
212
216
241
47
52
77
55
64
86
155
168
186
191
207
221
221
240
247
228
250
251
191
214
216
104
124
127
86
101
105
81
93
100
68
77
87
66
71
86
73
74
92
70
68
89
65
60
84
64
58
83
65
59
84
66
63
85
67
65
85
61
61
79
54
54
71
54
51
72
53
50
72
51
48
68
51
46
67
51
46
67
51
47
67
54
49
67
56
50
69
58
50
67
58
50
67
57
49
66
58
48
64
57
47
63
56
46
62
42
41
57
36
35
51
34
33
50
39
38
53
42
41
57
41
40
55
37
36
52
37
36
52
39
38
54
39
38
54
40
39
55
37
36
53
28
27
43
28
27
43
35
34
50
34
34
49
32
32
44
31
31
41
35
36
41
40
41
44
42
42
43
41
41
41
41
41
41
42
39
41
42
39
41
42
38
42
43
38
44
42
37
45
42
38
44
45
38
45
43
36
43
42
35
42
41
35
41
42
35
40
37
30
35
37
30
33
40
32
35
45
36
38
45
37
38
41
33
34
36
28
29
39
31
29
40
33
30
42
35
32
43
36
33
42
35
32
40
33
30
45
37
34
57
50
47
48
41
37
36
29
26
52
46
43
65
58
55
80
73
70
91
86
82
95
91
86
105
101
96
106
102
97
112
107
104
146
141
137
174
168
165
172
164
163
167
159
159
111
101
101
129
118
119
130
119
121
144
133
135
126
115
117
99
87
87
141
129
129
111
99
99
118
105
103
115
101
99
91
76
73
83
66
63
93
76
72
84
65
60
89
69
64
80
59
53
62
40
34
72
50
44
94
72
64
88
71
53
84
66
49
72
53
38
63
45
32
70
52
41
77
59
48
71
53
42
62
45
34
78
62
50
74
59
43
63
49
31
85
72
53
81
70
50
73
61
39
77
65
39
96
81
52
110
92
59
115
91
54
112
82
45
124
87
50
146
104
65
128
83
41
104
59
6
156
115
47
227
190
107
219
188
89
217
189
81
210
175
67
216
181
70
215
181
70
213
179
66
207
173
57
217
184
67
208
178
59
220
190
73
213
182
68
224
194
82
230
201
92
217
187
82
220
189
85
236
204
103
214
181
84
215
182
85
237
205
106
242
210
111
211
179
80
192
160
60
200
168
68
212
180
80
218
187
85
221
190
87
38
43
76
35
40
72
35
40
70
36
43
70
35
42
69
35
42
67
41
48
73
44
51
76
32
39
65
30
37
64
38
44
73
41
46
77
37
42
75
34
42
68
31
47
60
35
49
62
38
51
65
43
54
68
47
56
73
50
58
75
47
54
72
39
48
66
33
45
63
36
50
69
48
64
83
55
73
92
56
76
94
65
74
97
65
70
95
63
71
94
76
91
110
95
112
130
102
125
141
101
129
144
98
128
145
106
138
157
113
145
167
98
128
154
83
113
142
93
121
155
104
132
166
98
105
148
68
75
117
48
56
96
36
46
85
24
36
72
20
32
66
23
36
68
26
41
69
31
48
72
26
45
67
26
46
65
40
60
78
47
67
84
37
59
85
38
63
103
89
115
153
101
124
162
62
85
123
114
138
174
169
191
226
196
217
250
204
225
253
157
178
209
48
68
99
20
41
69
46
67
95
40
61
89
46
52
84
58
60
91
65
67
97
67
69
97
69
71
95
70
72
92
66
68
86
68
68
84
74
74
88
72
71
86
76
73
88
81
76
92
75
69
86
73
67
84
86
84
106
68
66
88
68
67
90
93
94
119
178
179
205
163
167
192
71
77
101
83
92
114
60
73
92
27
42
57
22
40
51
33
55
61
36
58
63
32
51
56
71
85
91
75
87
94
66
75
87
61
65
81
65
66
85
66
63
86
62
57
82
60
54
79
61
55
80
65
62
84
69
67
87
65
65
83
58
58
75
55
53
74
53
51
71
50
47
67
48
43
64
46
41
62
47
42
62
49
43
62
52
46
65
54
46
63
54
46
63
55
48
63
56
47
62
56
46
62
55
45
61
43
42
58
39
38
54
38
37
53
42
41
57
46
45
61
46
45
61
42
41
57
38
37
53
35
34
50
30
29
45
32
31
47
38
37
53
39
38
54
40
39
55
42
41
57
39
38
53
34
34
47
31
32
41
31
31
37
31
33
36
36
36
38
38
38
38
37
37
37
39
36
38
39
36
38
40
36
40
41
37
42
39
35
41
39
35
41
41
34
41
41
34
41
41
34
41
42
35
41
43
36
41
45
38
43
44
37
40
45
37
40
48
39
41
47
39
40
44
36
37
39
31
32
41
34
31
43
36
33
45
38
35
47
40
37
46
39
36
45
38
35
44
37
34
49
42
39
47
40
37
43
36
33
63
56
53
66
59
56
54
47
44
48
43
39
29
25
20
52
48
43
69
65
60
97
92
89
110
104
101
114
107
104
171
163
162
173
165
165
144
134
134
171
161
162
173
162
164
170
159
161
157
146
148
125
113
114
151
139
139
110
98
97
88
75
73
74
60
58
62
47
44
74
57
54
138
119
114
102
83
78
80
61
54
73
52
45
65
44
36
72
51
43
93
72
62
81
64
46
86
68
51
78
59
43
62
43
30
55
38
25
67
49
38
78
60
49
77
60
48
76
60
45
70
55
39
62
48
30
80
67
47
91
78
56
93
81
58
94
82
55
98
82
54
96
77
42
109
84
48
112
82
44
113
76
38
117
75
36
121
77
34
115
70
17
150
109
41
202
166
82
193
162
64
205
177
69
218
184
74
219
184
74
215
181
68
213
179
66
209
176
60
219
186
69
206
176
58
214
184
66
211
181
66
224
193
82
231
202
93
222
192
87
222
191
88
231
198
99
208
175
78
212
179
82
231
198
100
236
204
105
213
181
82
197
165
65
204
172
72
214
182
82
216
185
83
218
187
84
38
43
76
35
40
72
35
40
70
36
43
70
35
42
69
35
42
67
41
48
73
44
51
76
32
39
65
30
37
64
38
44
73
41
46
77
37
42
75
34
42
68
31
47
60
35
49
62
38
51
65
43
54
68
47
56
73
50
58
75
47
54
72
39
48
66
33
45
63
36
50
69
48
64
83
55
73
92
56
76
94
65
74
97
65
70
95
63
71
94
76
91
110
95
112
130
102
125
141
101
129
144
98
128
145
106
138
157
113
145
167
98
128
154
83
113
142
93
121
155
104
132
166
98
105
148
68
75
117
48
56
96
36
46
85
24
36
72
20
32
66
23
36
68
26
41
69
31
48
72
26
45
67
26
46
65
40
60
78
47
67
84
37
59
85
38
63
103
89
115
153
101
124
162
62
85
123
114
138
174
169
191
226
196
217
250
204
225
253
157
178
209
48
68
99
20
41
69
46
67
95
40
61
89
46
52
84
58
60
91
65
67
97
67
69
97
69
71
95
70
72
92
66
68
86
68
68
84
74
74
88
72
71
86
76
73
88
81
76
92
75
69
86
73
67
84
86
84
106
68
66
88
68
67
90
93
94
119
178
179
205
163
167
192
71
77
101
83
92
114
60
73
92
27
42
57
22
40
51
33
55
61
36
58
63
32
51
56
71
85
91
75
87
94
66
75
87
61
65
81
65
66
85
66
63
86
62
57
82
60
54
79
61
55
80
65
62
84
69
67
87
65
65
83
58
58
75
55
53
74
53
51
71
50
47
67
48
43
64
46
41
62
47
42
62
49
43
62
52
46
65
54
46
63
54
46
63
55
48
63
56
47
62
56
46
62
55
45
61
43
42
58
39
38
54
38
37
53
42
41
57
46
45
61
46
45
61
42
41
57
38
37
53
35
34
50
30
29
45
32
31
47
38
37
53
39
38
54
40
39
55
42
41
57
39
38
53
34
34
47
31
32
41
31
31
37
31
33
36
36
36
38
38
38
38
37
37
37
39
36
38
39
36
38
40
36
40
41
37
42
39
35
41
39
35
41
41
34
41
41
34
41
41
34
41
42
35
41
43
36
41
45
38
43
44
37
40
45
37
40
48
39
41
47
39
40
44
36
37
39
31
32
41
34
31
43
36
33
45
38
35
47
40
37
46
39
36
45
38
35
44
37
34
49
42
39
47
40
37
43
36
33
63
56
53
66
59
56
54
47
44
48
43
39
29
25
20
52
48
43
69
65
60
97
92
89
110
104
101
114
107
104
171
163
162
173
165
165
144
134
134
171
161
162
173
162
164
170
159
161
157
146
148
125
113
114
151
139
139
110
98
97
88
75
73
74
60
58
62
47
44
74
57
54
138
119
114
102
83
78
80
61
54
73
52
45
65
44
36
72
51
43
93
72
62
81
64
46
86
68
51
78
59
43
62
43
30
55
38
25
67
49
38
78
60
49
77
60
48
76
60
45
70
55
39
62
48
30
80
67
47
91
78
56
93
81
58
94
82
55
98
82
54
96
77
42
109
84
48
112
82
44
113
76
38
117
75
36
121
77
34
115
70
17
150
109
41
202
166
82
193
162
64
205
177
69
218
184
74
219
184
74
215
181
68
213
179
66
209
176
60
219
186
69
206
176
58
214
184
66
211
181
66
224
193
82
231
202
93
222
192
87
222
191
88
231
198
99
208
175
78
212
179
82
231
198
100
236
204
105
213
181
82
197
165
65
204
172
72
214
182
82
216
185
83
218
187
84
38
43
76
35
40
73
36
41
71
37
43
71
35
42
69
34
41
67
39
46
71
42
49
74
30
37
63
28
35
62
37
43
72
42
47
78
40
45
78
36
45
71
33
48
61
36
50
64
41
53
67
44
55
70
46
55
72
47
54
72
44
51
69
38
47
66
35
45
64
37
49
69
44
59
78
48
65
84
48
67
85
57
65
88
59
64
89
58
66
89
66
79
99
76
94
112
83
106
123
86
113
129
75
105
122
88
120
140
106
138
160
99
129
156
87
116
146
97
125
159
108
136
170
101
109
153
61
69
112
43
52
93
36
46
85
26
38
75
26
39
74
26
41
72
26
41
69
29
46
72
25
45
67
26
47
67
37
58
77
40
61
78
31
54
80
40
65
105
99
125
164
103
127
166
70
93
131
108
131
168
173
195
231
200
221
252
189
209
239
113
133
165
30
50
80
23
43
72
49
68
97
44
63
91
45
51
82
58
60
91
68
71
100
70
73
100
71
73
96
70
72
92
66
68
87
66
66
82
72
72
86
74
73
87
79
76
91
87
82
98
86
80
97
75
69
86
81
79
100
81
79
101
88
87
110
89
90
115
124
126
152
114
118
143
75
80
105
87
96
119
71
83
103
47
62
77
29
46
58
27
47
56
33
55
61
38
57
63
70
82
90
77
88
96
68
77
89
59
63
79
61
60
80
61
58
81
61
55
80
59
53
78
59
53
78
63
60
82
68
66
86
64
64
83
57
57
75
54
52
72
52
50
70
48
46
66
46
41
62
45
41
61
46
42
61
49
43
62
50
44
62
52
44
61
52
44
61
51
44
60
52
43
59
52
42
58
52
42
58
41
40
56
37
36
52
37
36
52
41
40
56
45
44
60
45
44
59
41
40
56
36
35
52
33
32
49
29
28
44
31
30
46
38
37
53
40
39
55
41
40
55
42
41
57
38
38
52
34
34
46
32
32
41
30
31
36
30
30
33
33
33
34
35
35
35
36
35
35
37
35
36
38
35
37
39
35
39
39
35
40
39
33
39
38
33
39
39
32
39
39
32
39
40
33
40
42
35
41
44
37
42
47
40
44
46
39
41
46
38
40
47
39
40
47
39
40
43
35
36
40
32
33
42
35
32
44
37
34
46
39
36
48
41
38
48
41
38
48
41
38
46
39
36
46
39
36
50
43
40
51
44
41
65
58
55
59
51
48
47
39
36
35
30
27
19
15
10
53
49
44
80
76
71
106
101
97
106
100
97
112
105
102
170
163
161
169
161
160
157
147
147
180
170
170
174
163
164
169
157
159
171
159
161
154
142
142
144
132
132
100
86
86
90
77
75
94
80
78
76
61
57
68
51
47
116
96
91
94
75
68
83
64
57
92
71
63
86
65
56
72
51
42
80
59
47
80
63
44
85
67
49
82
63
46
71
53
37
66
48
34
77
58
45
87
69
57
83
66
52
81
65
49
82
67
50
79
65
45
82
69
47
85
72
48
89
77
51
96
83
56
100
85
54
95
77
41
110
86
48
116
87
47
116
79
40
120
78
38
132
87
44
125
81
27
151
110
42
201
165
81
195
164
65
210
182
73
224
190
80
221
186
76
215
181
67
214
180
66
212
179
63
221
188
71
206
176
58
212
181
65
212
181
68
225
194
84
233
203
95
227
196
92
225
193
92
228
196
97
208
175
78
212
179
82
227
195
96
232
200
101
214
182
83
202
171
70
207
175
75
215
183
83
216
185
82
216
185
82
39
44
77
36
41
73
37
42
72
38
45
72
35
42
69
34
41
66
38
45
70
41
48
73
28
35
61
27
34
61
37
43
71
44
49
79
43
48
81
39
47
73
34
48
62
39
52
66
44
55
69
46
56
73
46
54
71
43
51
69
41
48
67
38
47
65
37
46
66
38
49
69
41
55
74
42
57
76
40
57
76
50
58
81
54
59
84
54
62
85
56
68
89
59
76
95
65
88
105
72
99
115
54
84
101
72
104
123
99
131
154
100
131
157
91
121
151
101
129
163
112
140
174
104
113
157
55
64
107
39
49
90
35
45
85
27
40
78
32
45
82
30
45
77
25
42
70
28
45
71
25
44
68
26
47
68
35
56
77
33
55
73
25
48
75
42
67
107
110
135
175
106
131
171
78
101
139
102
125
163
178
200
236
204
225
255
175
194
225
71
90
123
14
32
63
26
44
75
52
70
99
49
65
94
44
50
81
58
60
91
72
74
103
74
76
103
72
75
97
70
72
93
67
69
87
64
64
81
69
69
83
76
75
90
81
78
93
93
88
104
96
90
107
76
70
87
76
75
95
94
92
114
108
107
130
85
85
111
73
74
100
67
71
96
78
84
109
91
100
124
82
93
114
67
81
98
35
52
65
22
40
51
31
53
60
44
63
69
69
81
89
79
89
98
70
79
91
59
61
77
57
56
76
58
54
77
59
54
79
59
53
78
57
51
76
61
58
80
67
65
86
64
64
83
57
57
75
53
52
71
50
48
68
47
44
64
45
40
61
45
40
60
46
42
61
49
44
63
49
43
60
51
43
60
50
42
58
48
41
56
49
40
56
49
39
55
49
39
55
39
38
54
36
35
51
36
35
51
41
40
56
45
44
60
44
43
59
40
39
55
36
35
51
33
32
48
28
27
43
30
29
45
39
38
54
41
40
56
41
40
56
42
41
57
38
38
52
34
34
46
33
33
41
30
30
36
28
28
31
31
31
32
33
33
33
35
33
33
36
34
34
37
34
36
38
34
38
38
34
39
38
32
38
38
31
38
37
30
37
37
30
37
39
33
39
42
35
40
45
38
43
49
42
45
48
40
43
48
39
41
47
39
40
46
38
39
43
35
36
41
33
34
43
36
33
45
38
35
47
40
37
49
42
39
51
44
41
51
44
41
47
40
37
43
36
33
52
45
42
59
52
49
66
59
56
52
45
42
39
32
29
23
18
15
9
5
1
55
51
46
92
88
83
115
110
106
103
96
93
111
104
101
169
162
159
166
157
156
170
160
160
189
179
179
174
164
165
167
155
157
185
172
174
182
170
171
138
126
126
90
76
76
93
80
78
114
100
98
90
74
71
62
46
40
94
75
70
85
67
60
87
68
60
110
91
81
106
86
75
72
52
41
68
47
34
79
62
42
84
67
48
85
68
50
80
62
45
76
57
42
86
67
53
95
78
64
89
73
57
85
69
53
94
79
60
95
81
59
85
71
48
79
66
41
85
73
45
98
85
56
102
87
55
95
77
40
112
88
47
121
91
50
118
82
42
123
82
40
142
98
54
135
91
37
152
111
43
200
164
79
197
166
67
214
187
78
230
196
86
224
189
78
215
181
68
216
182
68
215
182
66
223
190
73
207
176
58
210
179
64
214
182
70
226
195
85
234
204
98
231
200
97
228
196
96
226
194
94
207
174
77
212
179
82
224
192
93
228
196
97
216
184
85
208
176
76
211
179
79
216
184
84
215
184
82
215
184
81
39
44
77
36
41
73
37
42
72
38
45
72
35
42
69
34
41
66
38
45
70
41
48
73
28
35
61
27
34
61
37
43
71
44
49
79
43
48
81
39
47
73
34
48
62
39
52
66
44
55
69
46
56
73
46
54
71
43
51
69
41
48
67
38
47
65
37
46
66
38
49
69
41
55
74
42
57
76
40
57
76
50
58
81
54
59
84
54
62
85
56
68
89
59
76
95
65
88
105
72
99
115
54
84
101
72
104
123
99
131
154
100
131
157
91
121
151
101
129
163
112
140
174
104
113
157
55
64
107
39
49
90
35
45
85
27
40
78
32
45
82
30
45
77
25
42
70
28
45
71
25
44
68
26
47
68
35
56
77
33
55
73
25
48
75
42
67
107
110
135
175
106
131
171
78
101
139
102
125
163
178
200
236
204
225
255
175
194
225
71
90
123
14
32
63
26
44
75
52
70
99
49
65
94
44
50
81
58
60
91
72
74
103
74
76
103
72
75
97
70
72
93
67
69
87
64
64
81
69
69
83
76
75
90
81
78
93
93
88
104
96
90
107
76
70
87
76
75
95
94
92
114
108
107
130
85
85
111
73
74
100
67
71
96
78
84
109
91
100
124
82
93
114
67
81
98
35
52
65
22
40
51
31
53
60
44
63
69
69
81
89
79
89
98
70
79
91
59
61
77
57
56
76
58
54
77
59
54
79
59
53
78
57
51
76
61
58
80
67
65
86
64
64
83
57
57
75
53
52
71
50
48
68
47
44
64
45
40
61
45
40
60
46
42
61
49
44
63
49
43
60
51
43
60
50
42
58
48
41
56
49
40
56
49
39
55
49
39
55
39
38
54
36
35
51
36
35
51
41
40
56
45
44
60
44
43
59
40
39
55
36
35
51
33
32
48
28
27
43
30
29
45
39
38
54
41
40
56
41
40
56
42
41
57
38
38
52
34
34
46
33
33
41
30
30
36
28
28
31
31
31
32
33
33
33
35
33
33
36
34
34
37
34
36
38
34
38
38
34
39
38
32
38
38
31
38
37
30
37
37
30
37
39
33
39
42
35
40
45
38
43
49
42
45
48
40
43
48
39
41
47
39
40
46
38
39
43
35
36
41
33
34
43
36
33
45
38
35
47
40
37
49
42
39
51
44
41
51
44
41
47
40
37
43
36
33
52
45
42
59
52
49
66
59
56
52
45
42
39
32
29
23
18
15
9
5
1
55
51
46
92
88
83
115
110
106
103
96
93
111
104
101
169
162
159
166
157
156
170
160
160
189
179
179
174
164
165
167
155
157
185
172
174
182
170
171
138
126
126
90
76
76
93
80
78
114
100
98
90
74
71
62
46
40
94
75
70
85
67
60
87
68
60
110
91
81
106
86
75
72
52
41
68
47
34
79
62
42
84
67
48
85
68
50
80
62
45
76
57
42
86
67
53
95
78
64
89
73
57
85
69
53
94
79
60
95
81
59
85
71
48
79
66
41
85
73
45
98
85
56
102
87
55
95
77
40
112
88
47
121
91
50
118
82
42
123
82
40
142
98
54
135
91
37
152
111
43
200
164
79
197
166
67
214
187
78
230
196
86
224
189
78
215
181
68
216
182
68
215
182
66
223
190
73
207
176
58
210
179
64
214
182
70
226
195
85
234
204
98
231
200
97
228
196
96
226
194
94
207
174
77
212
179
82
224
192
93
228
196
97
216
184
85
208
176
76
211
179
79
216
184
84
215
184
82
215
184
81
36
41
73
34
39
70
36
42
72
39
45
73
36
43
69
35
42
67
36
43
68
35
42
67
37
44
69
39
46
72
34
41
69
29
34
65
39
44
76
46
53
80
41
54
68
45
56
70
46
56
73
45
53
70
41
48
65
36
43
60
35
41
60
36
43
62
38
46
66
39
50
70
38
52
71
37
52
72
36
52
74
43
51
75
48
53
78
47
54
79
38
50
72
29
46
66
25
47
65
27
52
71
41
68
88
48
77
99
68
98
122
76
104
133
70
98
129
66
93
126
59
85
121
50
60
107
19
31
75
28
41
84
32
46
88
31
45
85
39
55
92
28
44
80
27
45
77
22
40
70
23
41
69
30
50
76
30
51
73
9
29
51
0
15
45
33
54
96
112
137
178
124
149
189
108
130
171
114
137
175
182
203
240
181
200
236
102
121
156
11
25
59
34
49
82
53
68
100
42
55
87
54
67
99
63
68
99
68
70
101
70
73
102
67
70
95
66
69
92
69
71
90
69
72
88
70
70
86
65
65
79
81
80
94
85
82
97
83
78
95
95
89
106
94
88
105
76
75
95
80
78
99
74
73
95
66
66
89
72
72
98
71
75
100
88
93
118
91
97
122
67
77
100
37
50
70
28
42
60
50
66
82
64
81
94
57
71
83
66
76
86
74
82
94
68
73
88
56
57
75
53
52
72
54
50
73
59
53
78
58
52
77
53
47
72
56
52
77
61
59
80
58
57
77
49
48
68
47
45
65
45
43
63
43
40
61
43
39
59
45
41
60
49
45
64
53
48
65
47
41
58
48
40
56
45
38
53
42
35
50
42
33
48
41
31
47
40
31
44
36
33
48
35
32
47
35
32
47
37
34
49
39
36
51
38
35
50
36
33
48
35
32
47
38
35
50
38
35
50
39
36
51
39
36
51
34
31
46
32
30
45
32
32
47
31
31
45
34
33
43
35
34
43
34
34
40
32
32
35
30
30
31
31
31
31
34
32
32
35
33
33
36
33
35
38
34
36
39
33
37
40
33
40
39
32
39
37
30
37
36
30
36
38
32
37
42
35
40
44
37
42
47
40
43
46
37
40
44
36
38
42
34
35
42
34
35
42
34
35
43
33
34
46
39
36
45
38
35
45
38
35
46
39
36
51
44
41
55
48
45
51
44
41
39
32
29
42
35
32
56
49
46
68
61
58
52
45
42
33
26
23
47
42
38
108
104
99
135
131
126
135
131
126
106
102
97
96
90
86
149
142
139
177
169
166
159
149
149
157
147
147
171
161
161
163
152
152
171
159
159
201
188
189
214
200
201
129
115
116
97
84
84
116
102
100
144
129
126
110
94
89
73
57
50
94
76
69
100
82
73
92
73
61
114
95
82
125
104
90
90
69
54
76
56
39
81
63
40
74
56
33
78
59
37
86
68
49
88
71
52
87
69
52
85
67
49
76
59
40
76
59
39
98
82
60
127
112
86
116
102
74
91
77
49
89
75
45
109
96
63
124
109
73
120
102
61
125
101
59
125
96
53
124
89
46
147
106
64
160
118
72
132
89
33
143
103
34
205
170
84
215
185
85
226
197
89
236
202
90
226
192
79
217
183
69
221
187
73
223
190
74
229
196
79
207
176
61
215
184
69
221
189
77
230
198
90
237
206
100
238
206
105
234
202
103
227
194
96
216
183
86
218
185
88
220
187
89
219
187
88
217
185
86
216
184
84
218
186
86
218
186
86
215
183
81
214
183
80
36
41
73
34
39
70
36
42
72
39
45
73
36
43
69
35
42
67
36
43
68
35
42
67
37
44
69
39
46
72
34
41
69
29
34
65
39
44
76
46
53
80
41
54
68
45
56
70
46
56
73
45
53
70
41
48
65
36
43
60
35
41
60
36
43
62
38
46
66
39
50
70
38
52
71
37
52
72
36
52
74
43
51
75
48
53
78
47
54
79
38
50
72
29
46
66
25
47
65
27
52
71
41
68
88
48
77
99
68
98
122
76
104
133
70
98
129
66
93
126
59
85
121
50
60
107
19
31
75
28
41
84
32
46
88
31
45
85
39
55
92
28
44
80
27
45
77
22
40
70
23
41
69
30
50
76
30
51
73
9
29
51
0
15
45
33
54
96
112
137
178
124
149
189
108
130
171
114
137
175
182
203
240
181
200
236
102
121
156
11
25
59
34
49
82
53
68
100
42
55
87
54
67
99
63
68
99
68
70
101
70
73
102
67
70
95
66
69
92
69
71
90
69
72
88
70
70
86
65
65
79
81
80
94
85
82
97
83
78
95
95
89
106
94
88
105
76
75
95
80
78
99
74
73
95
66
66
89
72
72
98
71
75
100
88
93
118
91
97
122
67
77
100
37
50
70
28
42
60
50
66
82
64
81
94
57
71
83
66
76
86
74
82
94
68
73
88
56
57
75
53
52
72
54
50
73
59
53
78
58
52
77
53
47
72
56
52
77
61
59
80
58
57
77
49
48
68
47
45
65
45
43
63
43
40
61
43
39
59
45
41
60
49
45
64
53
48
65
47
41
58
48
40
56
45
38
53
42
35
50
42
33
48
41
31
47
40
31
44
36
33
48
35
32
47
35
32
47
37
34
49
39
36
51
38
35
50
36
33
48
35
32
47
38
35
50
38
35
50
39
36
51
39
36
51
34
31
46
32
30
45
32
32
47
31
31
45
34
33
43
35
34
43
34
34
40
32
32
35
30
30
31
31
31
31
34
32
32
35
33
33
36
33
35
38
34
36
39
33
37
40
33
40
39
32
39
37
30
37
36
30
36
38
32
37
42
35
40
44
37
42
47
40
43
46
37
40
44
36
38
42
34
35
42
34
35
42
34
35
43
33
34
46
39
36
45
38
35
45
38
35
46
39
36
51
44
41
55
48
45
51
44
41
39
32
29
42
35
32
56
49
46
68
61
58
52
45
42
33
26
23
47
42
38
108
104
99
135
131
126
135
131
126
106
102
97
96
90
86
149
142
139
177
169
166
159
149
149
157
147
147
171
161
161
163
152
152
171
159
159
201
188
189
214
200
201
129
115
116
97
84
84
116
102
100
144
129
126
110
94
89
73
57
50
94
76
69
100
82
73
92
73
61
114
95
82
125
104
90
90
69
54
76
56
39
81
63
40
74
56
33
78
59
37
86
68
49
88
71
52
87
69
52
85
67
49
76
59
40
76
59
39
98
82
60
127
112
86
116
102
74
91
77
49
89
75
45
109
96
63
124
109
73
120
102
61
125
101
59
125
96
53
124
89
46
147
106
64
160
118
72
132
89
33
143
103
34
205
170
84
215
185
85
226
197
89
236
202
90
226
192
79
217
183
69
221
187
73
223
190
74
229
196
79
207
176
61
215
184
69
221
189
77
230
198
90
237
206
100
238
206
105
234
202
103
227
194
96
216
183
86
218
185
88
220
187
89
219
187
88
217
185
86
216
184
84
218
186
86
218
186
86
215
183
81
214
183
80
34
39
71
33
38
69
36
41
71
38
45
73
36
43
69
35
42
67
37
45
69
36
44
68
42
49
74
43
50
76
35
41
70
26
31
62
34
39
71
43
51
76
43
55
69
44
55
70
45
54
71
44
52
69
42
49
66
39
45
63
36
42
61
37
43
62
41
48
68
43
53
73
43
56
75
42
57
78
43
58
79
46
53
78
49
54
79
50
57
82
45
56
79
36
52
73
30
51
71
28
52
73
32
58
79
33
62
84
49
78
104
55
83
113
46
73
105
37
63
97
30
52
87
26
38
85
13
25
70
30
44
89
34
49
92
33
48
89
40
57
95
25
43
78
27
45
79
23
42
73
24
44
73
28
49
76
25
46
70
8
28
53
3
22
53
47
69
112
127
152
193
142
166
207
111
134
175
107
129
168
167
187
224
145
164
201
69
87
123
15
30
64
40
53
87
60
73
106
53
64
97
59
70
103
69
73
104
71
73
103
68
70
99
63
67
91
66
68
90
69
72
91
69
72
88
74
74
90
68
68
82
82
81
95
83
80
95
80
75
91
90
84
101
87
81
99
91
90
109
82
81
101
64
64
84
61
61
84
73
74
99
66
68
94
68
72
97
70
76
101
63
71
95
44
56
77
44
57
77
57
71
89
59
75
90
48
61
74
59
68
79
63
71
85
60
65
81
53
54
74
54
52
73
56
51
75
58
52
77
55
49
75
51
45
70
53
49
74
57
55
77
55
53
74
46
46
66
45
43
63
43
41
61
41
39
58
42
37
57
43
39
58
47
43
61
51
46
63
44
38
55
44
37
53
42
35
50
40
33
48
40
32
46
40
31
46
40
31
44
37
35
49
36
33
48
36
33
48
37
34
49
38
35
50
36
33
48
35
31
47
34
32
47
39
36
51
41
37
52
40
37
52
39
36
50
33
30
45
29
27
43
29
29
44
30
29
43
33
32
42
35
34
42
35
34
40
33
33
36
31
30
31
31
31
31
34
32
32
36
34
34
37
34
36
39
34
36
39
34
37
41
35
41
41
34
41
38
31
38
37
31
36
38
32
37
42
35
40
43
36
40
45
37
40
44
36
38
43
34
36
41
33
34
42
33
34
43
34
35
45
35
35
46
39
36
44
37
35
43
36
33
44
37
34
49
42
39
55
48
45
55
48
45
48
41
38
44
37
34
52
45
41
75
68
65
83
76
73
55
48
45
76
70
66
155
151
146
163
158
153
126
122
117
87
82
77
93
87
82
154
148
144
183
175
172
168
158
157
150
139
139
166
156
156
170
158
158
184
172
172
199
187
187
190
176
177
123
109
110
114
100
100
115
101
99
115
100
97
88
72
66
83
67
59
107
89
80
113
94
83
94
76
62
108
89
74
125
104
88
103
82
66
91
72
53
88
70
46
79
62
37
80
62
38
85
67
46
85
67
46
81
62
44
78
60
40
74
56
35
69
52
30
87
71
46
128
113
85
134
119
89
112
97
67
105
90
58
117
104
69
128
112
73
127
110
66
131
107
63
125
97
52
123
88
44
146
107
63
154
113
66
124
81
25
133
94
25
198
163
77
215
184
84
223
194
86
234
201
88
227
193
80
220
186
72
225
191
77
227
193
78
231
198
82
209
177
62
218
186
72
223
191
80
230
198
91
235
204
100
237
205
105
233
201
102
227
194
96
221
188
91
221
188
91
218
186
88
215
183
84
215
183
84
217
185
85
219
187
87
219
186
86
215
184
82
215
184
81
34
39
70
32
37
68
35
40
70
38
45
73
37
44
69
36
43
68
38
46
69
38
46
70
46
53
78
48
55
81
35
42
70
23
28
59
29
34
65
41
48
73
45
56
70
44
55
71
44
52
69
44
51
68
43
50
67
42
48
67
38
43
62
37
43
63
44
51
71
48
57
77
48
60
80
48
62
84
50
64
86
49
56
82
51
55
81
53
60
85
51
62
86
44
60
81
36
56
77
29
53
74
22
49
70
18
46
70
31
58
85
33
61
92
21
48
81
8
33
67
1
17
53
2
16
64
8
19
66
33
48
94
36
52
96
35
51
93
42
58
98
23
41
77
28
47
81
24
44
76
26
46
77
27
48
76
19
40
67
8
29
56
6
29
62
61
86
128
143
168
210
160
184
226
115
137
178
99
121
161
150
170
208
109
127
165
36
52
89
20
35
71
46
57
91
68
78
112
64
73
107
65
74
107
75
79
109
73
75
105
65
68
95
60
63
88
65
68
89
70
73
91
69
72
88
78
78
94
72
72
86
83
82
97
81
78
94
77
72
88
85
79
96
80
74
92
106
106
124
84
83
103
54
54
74
56
56
79
75
76
100
61
62
88
47
51
76
48
54
79
59
66
91
52
62
85
61
72
94
64
78
97
54
68
86
38
50
66
51
60
73
53
60
75
51
56
73
51
52
72
55
52
75
57
52
77
57
50
76
52
45
72
48
42
67
50
46
71
54
51
73
52
50
71
44
44
64
43
41
61
41
39
58
39
37
56
40
36
55
42
38
57
45
42
59
49
44
61
41
35
52
42
35
50
40
33
48
38
31
45
39
31
44
40
31
44
41
32
45
39
36
51
38
35
50
37
34
49
37
34
49
37
34
49
35
32
47
33
30
45
35
32
47
41
38
53
43
40
55
41
38
53
38
35
50
31
28
43
27
24
40
26
26
40
29
28
40
33
32
42
35
34
43
35
35
40
35
34
37
31
31
32
32
31
31
35
33
33
37
35
35
39
36
36
40
35
37
40
35
37
43
37
43
43
36
43
39
33
39
38
32
37
39
33
38
41
34
39
43
36
39
43
34
37
43
34
36
41
33
34
40
32
33
42
32
34
45
35
35
46
37
36
47
40
37
44
37
34
41
34
31
42
35
32
47
40
37
55
48
45
59
52
49
57
50
47
47
40
37
48
41
38
83
76
73
115
108
105
78
71
68
105
100
95
205
201
195
191
187
182
118
112
107
68
62
57
90
84
79
160
154
150
189
181
178
177
168
165
142
132
132
162
150
150
177
165
165
198
186
186
197
185
185
165
151
152
118
104
105
132
117
117
115
100
97
86
70
67
65
49
44
94
77
69
120
102
91
126
108
94
97
78
62
101
82
65
125
105
87
116
96
78
108
89
67
96
79
52
86
69
42
83
66
40
85
67
43
82
64
41
75
56
35
72
53
31
71
53
30
63
46
21
76
59
32
130
114
85
152
137
105
134
119
86
121
107
72
126
113
75
131
116
74
134
118
72
138
114
68
125
98
51
122
88
42
146
107
62
149
108
60
115
74
18
124
85
16
191
155
70
215
184
84
220
190
82
233
199
86
228
194
80
223
189
75
229
195
81
231
197
83
234
200
86
210
179
64
221
189
76
225
193
84
231
199
93
234
203
99
236
204
104
232
200
101
227
194
97
226
193
96
224
191
94
217
185
87
212
180
81
213
181
82
218
186
86
220
188
88
219
187
87
217
185
83
216
185
82
34
39
70
32
37
68
35
40
70
38
45
73
37
44
69
36
43
68
38
46
69
38
46
70
46
53
78
48
55
81
35
42
70
23
28
59
29
34
65
41
48
73
45
56
70
44
55
71
44
52
69
44
51
68
43
50
67
42
48
67
38
43
62
37
43
63
44
51
71
48
57
77
48
60
80
48
62
84
50
64
86
49
56
82
51
55
81
53
60
85
51
62
86
44
60
81
36
56
77
29
53
74
22
49
70
18
46
70
31
58
85
33
61
92
21
48
81
8
33
67
1
17
53
2
16
64
8
19
66
33
48
94
36
52
96
35
51
93
42
58
98
23
41
77
28
47
81
24
44
76
26
46
77
27
48
76
19
40
67
8
29
56
6
29
62
61
86
128
143
168
210
160
184
226
115
137
178
99
121
161
150
170
208
109
127
165
36
52
89
20
35
71
46
57
91
68
78
112
64
73
107
65
74
107
75
79
109
73
75
105
65
68
95
60
63
88
65
68
89
70
73
91
69
72
88
78
78
94
72
72
86
83
82
97
81
78
94
77
72
88
85
79
96
80
74
92
106
106
124
84
83
103
54
54
74
56
56
79
75
76
100
61
62
88
47
51
76
48
54
79
59
66
91
52
62
85
61
72
94
64
78
97
54
68
86
38
50
66
51
60
73
53
60
75
51
56
73
51
52
72
55
52
75
57
52
77
57
50
76
52
45
72
48
42
67
50
46
71
54
51
73
52
50
71
44
44
64
43
41
61
41
39
58
39
37
56
40
36
55
42
38
57
45
42
59
49
44
61
41
35
52
42
35
50
40
33
48
38
31
45
39
31
44
40
31
44
41
32
45
39
36
51
38
35
50
37
34
49
37
34
49
37
34
49
35
32
47
33
30
45
35
32
47
41
38
53
43
40
55
41
38
53
38
35
50
31
28
43
27
24
40
26
26
40
29
28
40
33
32
42
35
34
43
35
35
40
35
34
37
31
31
32
32
31
31
35
33
33
37
35
35
39
36
36
40
35
37
40
35
37
43
37
43
43
36
43
39
33
39
38
32
37
39
33
38
41
34
39
43
36
39
43
34
37
43
34
36
41
33
34
40
32
33
42
32
34
45
35
35
46
37
36
47
40
37
44
37
34
41
34
31
42
35
32
47
40
37
55
48
45
59
52
49
57
50
47
47
40
37
48
41
38
83
76
73
115
108
105
78
71
68
105
100
95
205
201
195
191
187
182
118
112
107
68
62
57
90
84
79
160
154
150
189
181
178
177
168
165
142
132
132
162
150
150
177
165
165
198
186
186
197
185
185
165
151
152
118
104
105
132
117
117
115
100
97
86
70
67
65
49
44
94
77
69
120
102
91
126
108
94
97
78
62
101
82
65
125
105
87
116
96
78
108
89
67
96
79
52
86
69
42
83
66
40
85
67
43
82
64
41
75
56
35
72
53
31
71
53
30
63
46
21
76
59
32
130
114
85
152
137
105
134
119
86
121
107
72
126
113
75
131
116
74
134
118
72
138
114
68
125
98
51
122
88
42
146
107
62
149
108
60
115
74
18
124
85
16
191
155
70
215
184
84
220
190
82
233
199
86
228
194
80
223
189
75
229
195
81
231
197
83
234
200
86
210
179
64
221
189
76
225
193
84
231
199
93
234
203
99
236
204
104
232
200
101
227
194
97
226
193
96
224
191
94
217
185
87
212
180
81
213
181
82
218
186
86
220
188
88
219
187
87
217
185
83
216
185
82
35
41
71
33
38
69
35
41
70
37
44
72
36
43
69
37
45
68
39
47
70
35
43
66
35
43
67
39
46
72
41
47
76
37
43
72
35
40
71
37
44
70
38
49
65
38
47
64
39
46
63
42
49
66
50
54
73
55
59
78
54
58
78
51
56
77
53
60
80
54
62
84
51
63
85
49
62
84
49
63
85
51
57
83
51
55
83
50
57
84
49
60
84
43
59
82
31
50
74
18
41
65
4
29
55
29
56
82
74
101
128
88
114
145
69
94
127
51
75
111
42
66
102
37
52
101
34
50
98
37
53
100
25
41
87
23
39
85
34
51
94
26
44
85
26
45
83
33
52
88
35
55
88
24
45
77
18
39
70
42
63
94
87
110
146
134
160
204
118
143
187
122
146
188
127
149
190
114
133
174
79
97
137
33
48
87
23
37
75
58
67
105
52
61
97
65
73
108
77
82
117
68
72
107
67
70
101
66
69
97
62
66
90
62
66
89
69
73
93
72
75
93
67
70
86
67
68
82
73
73
87
74
73
87
73
70
86
87
82
98
88
82
101
59
53
72
57
57
75
62
62
80
59
60
79
59
60
81
58
60
84
60
61
87
64
68
94
39
43
71
54
58
86
56
62
89
59
67
92
45
55
78
64
74
98
61
70
90
51
58
74
47
52
69
47
48
68
52
50
71
56
52
74
56
50
75
50
43
69
45
38
64
43
37
62
45
41
66
49
45
69
49
48
69
46
47
68
42
41
60
40
38
57
38
35
55
37
33
52
36
33
49
36
33
49
38
33
48
35
30
45
37
30
44
37
30
43
39
32
45
43
35
48
46
37
50
49
41
52
45
43
55
45
43
55
44
42
54
43
41
53
41
39
51
39
37
49
37
35
47
36
34
46
41
39
51
40
38
50
37
35
47
39
37
49
38
36
48
33
30
44
32
29
44
34
32
45
35
34
44
33
32
40
34
33
36
34
33
34
34
33
33
35
33
32
37
35
34
41
36
37
42
36
37
40
35
37
40
35
37
44
37
43
44
37
44
42
36
41
41
34
39
41
34
39
41
34
38
43
35
38
42
33
36
43
35
36
44
34
36
45
34
35
46
36
36
48
38
38
52
42
41
51
42
38
47
38
34
44
35
31
44
35
31
47
39
34
54
45
41
57
48
44
63
54
50
61
53
48
37
28
24
63
53
50
151
142
138
146
137
133
136
130
124
177
171
164
168
162
155
91
84
79
84
78
73
134
127
122
170
162
158
187
178
174
196
188
184
173
161
159
166
154
153
168
156
156
182
170
170
159
147
147
126
111
112
125
109
110
163
148
146
157
141
139
117
100
96
91
73
66
122
106
95
118
101
88
122
104
87
96
78
58
89
70
48
101
81
59
95
75
51
90
70
44
98
80
49
104
86
56
99
81
52
85
66
39
77
58
31
78
59
32
90
71
44
116
97
69
107
89
58
98
80
48
139
123
87
160
144
107
139
124
85
118
104
63
112
96
54
106
90
44
122
105
56
149
127
76
145
119
67
139
108
58
142
105
57
136
96
45
126
87
27
132
93
22
181
145
59
215
184
84
224
194
86
232
199
85
231
197
83
228
194
80
233
199
85
232
198
84
236
202
88
215
182
70
222
188
79
225
192
84
228
195
91
229
197
96
227
195
96
224
191
94
225
192
95
228
195
98
223
190
93
217
184
86
210
178
79
208
176
77
215
183
82
219
187
87
220
188
88
220
189
86
221
190
87
36
41
72
33
39
69
35
41
70
38
44
72
37
44
69
37
45
68
39
47
70
35
43
66
35
42
66
39
46
72
41
47
76
37
43
72
35
40
71
37
44
70
39
49
66
38
47
64
39
46
63
42
49
66
50
54
73
55
59
78
55
58
78
52
56
77
54
60
80
54
62
85
51
63
85
49
62
84
49
63
85
51
57
84
51
55
83
50
57
84
49
60
84
43
59
82
31
50
74
18
41
65
4
29
54
29
56
82
75
102
130
90
115
146
70
95
128
52
76
112
43
67
103
38
53
102
35
50
99
37
53
100
25
41
87
23
39
85
34
51
94
26
45
85
26
45
83
33
53
89
35
55
88
24
45
77
18
39
70
43
64
95
89
112
148
135
161
205
117
142
186
121
145
188
127
149
191
114
134
175
78
96
136
31
47
86
23
37
75
59
68
105
53
61
97
65
73
108
78
83
118
68
72
107
67
70
101
66
69
97
62
66
90
62
66
89
69
73
93
72
75
93
67
70
86
67
68
82
73
73
87
74
73
87
73
70
85
87
82
99
88
82
101
59
53
72
56
56
74
61
61
79
59
60
79
60
61
81
58
60
84
60
61
87
65
68
94
39
42
70
54
58
86
56
62
89
60
67
92
44
54
78
64
74
98
62
70
90
51
58
74
47
52
69
47
48
68
52
49
71
56
52
75
56
50
75
50
43
69
45
38
65
43
37
62
45
41
66
49
45
69
49
48
70
46
47
68
42
41
60
40
38
57
38
36
55
37
34
52
36
33
49
36
33
49
38
33
48
35
30
45
37
30
45
37
30
43
39
32
45
43
35
48
47
38
51
49
41
52
45
43
55
45
43
55
44
42
54
43
41
53
41
39
51
39
37
49
37
35
47
36
34
46
41
39
51
40
38
50
37
35
47
39
37
49
38
36
48
33
31
44
32
29
44
35
32
45
35
34
44
33
32
40
34
33
36
34
33
35
34
33
33
35
33
32
37
35
34
41
36
37
42
37
38
40
35
37
40
35
37
44
37
44
44
37
44
42
36
41
42
35
40
41
34
39
41
34
38
44
35
38
42
33
36
43
35
36
44
35
36
45
35
35
46
36
36
49
39
39
52
42
42
51
42
38
47
38
34
44
35
31
44
35
31
48
39
35
54
45
41
57
48
44
63
54
50
62
53
49
37
28
24
62
53
49
152
143
139
148
139
135
136
130
124
176
171
164
168
162
155
90
84
79
85
79
74
134
128
123
170
162
158
187
178
174
197
188
185
174
162
160
166
154
153
168
156
156
182
170
170
159
147
147
126
110
111
125
109
110
163
148
146
158
142
140
117
101
96
91
74
67
123
107
95
118
101
88
122
104
87
96
78
58
89
70
48
101
81
59
95
75
50
89
70
44
98
80
49
104
86
56
99
81
52
85
66
39
77
58
31
78
59
32
90
71
44
117
98
70
108
90
59
98
81
48
139
123
87
160
144
107
139
124
85
118
104
63
112
96
53
106
90
43
122
105
56
149
127
76
145
119
68
140
108
58
142
106
57
136
96
45
127
87
27
132
94
22
181
145
59
216
184
84
224
194
86
232
199
85
231
197
83
229
195
81
234
200
86
232
198
84
236
202
89
215
183
70
222
189
79
225
192
85
228
196
92
229
197
96
227
195
96
224
191
94
225
192
95
228
195
98
223
190
93
217
185
86
210
178
79
208
176
77
215
183
83
219
187
87
220
188
88
220
189
87
222
191
88
39
44
75
36
41
72
37
43
71
38
45
72
37
44
69
37
45
68
39
47
70
33
41
65
31
38
62
35
42
68
41
48
75
41
47
76
39
44
74
38
44
71
37
46
63
35
43
60
35
42
59
38
45
62
47
51
70
54
57
77
55
58
78
53
57
78
52
57
79
51
58
81
47
57
80
45
57
79
44
57
79
47
53
79
46
50
77
42
49
76
40
51
76
35
50
75
25
43
69
13
35
61
5
29
56
36
62
90
85
111
141
101
126
158
82
106
140
68
91
127
64
87
123
53
70
120
41
58
107
33
51
98
22
40
87
20
37
83
28
46
90
26
45
86
26
45
85
32
52
90
36
56
91
29
49
83
27
47
80
59
79
112
98
121
158
128
154
198
111
136
180
107
131
174
100
122
164
87
106
148
66
83
123
37
52
91
35
47
85
62
71
109
59
66
103
66
72
107
74
77
113
67
70
105
63
66
96
63
66
93
62
66
91
63
67
90
69
73
92
71
74
91
67
70
85
62
64
78
71
71
85
69
68
82
70
68
83
86
81
98
86
80
98
63
58
77
66
66
83
63
63
80
63
63
82
65
66
86
60
61
84
57
59
83
62
65
90
49
52
79
50
53
81
52
57
85
61
66
93
51
59
85
55
63
89
55
62
84
52
58
76
48
52
70
47
48
68
51
49
71
53
49
72
53
47
72
47
41
67
44
37
63
43
37
62
43
40
65
46
43
67
47
46
68
46
47
68
42
41
59
40
39
56
39
37
54
38
35
52
36
33
49
35
32
48
36
31
47
37
32
47
39
32
46
39
32
45
41
34
46
45
37
49
49
40
52
51
43
54
46
43
55
47
44
56
46
43
55
45
42
54
43
40
52
41
38
50
39
36
48
37
34
46
42
39
51
41
38
50
38
36
48
41
38
50
41
38
50
36
34
47
35
32
47
38
36
49
37
36
46
34
32
39
33
32
35
34
33
34
35
34
33
36
34
33
39
36
35
42
37
37
42
37
38
40
35
37
40
34
36
43
36
42
43
36
43
42
36
41
42
35
40
42
35
39
42
34
38
44
35
38
42
34
36
45
37
38
47
37
38
47
37
37
47
37
37
50
40
40
54
44
43
51
42
38
49
40
36
47
38
34
47
38
34
49
40
36
52
43
39
51
42
38
55
46
42
64
55
52
46
37
33
54
45
41
129
120
115
139
130
127
124
117
111
145
139
132
146
140
133
97
91
85
103
97
91
145
138
133
165
157
153
174
165
161
195
185
182
194
182
180
170
158
157
160
148
147
169
156
156
148
135
136
136
121
122
142
126
125
164
148
146
173
157
154
151
134
128
120
103
95
131
115
102
127
109
94
115
97
79
88
70
49
81
62
38
87
68
43
84
65
38
84
65
37
97
79
46
109
91
59
104
87
56
91
72
43
86
67
38
88
69
40
103
84
55
143
124
94
139
120
88
123
105
71
148
131
93
152
136
96
131
115
74
111
96
53
109
94
48
110
94
45
126
109
57
156
134
81
156
131
78
152
121
70
146
110
61
135
95
43
135
95
35
139
101
29
179
143
57
219
187
87
229
199
92
233
200
86
234
200
86
231
197
83
234
200
86
231
197
83
235
201
89
217
184
73
221
188
79
223
190
84
228
195
93
230
197
97
225
193
94
222
189
92
224
191
95
225
192
95
222
189
92
219
187
88
214
181
83
208
176
78
214
182
82
219
187
87
220
188
88
222
191
88
224
193
90
42
47
78
39
44
74
38
45
73
39
46
72
37
44
69
37
45
68
40
48
71
32
40
63
26
34
58
31
38
63
42
49
75
46
52
81
43
48
79
39
45
71
35
43
60
32
40
57
31
38
55
34
40
59
45
49
68
52
55
75
55
58
79
54
57
78
51
55
78
47
53
76
43
52
75
40
52
74
38
50
74
41
48
75
40
44
72
33
40
67
29
41
67
26
41
68
18
36
63
8
29
56
7
31
58
44
68
99
97
122
154
115
140
172
95
120
155
86
109
145
88
109
147
70
89
140
47
67
117
29
49
97
19
39
87
16
35
82
21
40
85
26
45
88
26
46
87
32
52
92
38
57
95
34
53
90
37
57
92
77
97
132
108
131
169
119
145
189
105
130
174
91
114
159
70
92
134
57
75
118
52
68
109
44
58
97
48
59
97
67
74
113
67
72
110
68
70
108
70
72
107
66
68
103
58
61
91
60
63
89
63
67
92
65
69
92
69
73
91
70
73
90
66
69
84
58
59
73
68
68
82
64
63
77
68
65
81
84
79
97
83
77
96
69
63
82
77
77
93
65
65
82
67
67
85
71
71
91
62
63
84
54
56
80
59
61
87
60
63
89
45
48
76
48
52
81
63
67
96
58
64
93
44
50
79
48
53
78
55
59
78
50
52
71
47
48
69
50
48
70
50
46
69
50
44
69
45
39
64
43
37
62
43
37
62
42
38
63
44
41
65
45
44
66
46
47
68
42
42
59
41
40
56
40
39
55
39
36
52
37
34
50
35
32
47
35
30
45
39
34
49
41
34
47
41
34
47
43
36
48
47
40
51
51
43
54
54
46
57
47
43
55
48
44
56
48
44
56
47
43
55
45
41
53
43
39
51
41
37
49
38
34
46
43
39
51
42
38
50
40
36
48
43
39
51
45
41
53
40
37
50
39
36
51
43
40
53
40
39
49
34
32
38
31
30
34
35
33
34
37
35
34
37
35
34
41
37
36
42
38
37
42
37
38
40
35
36
40
34
36
42
35
40
43
36
41
43
36
41
43
36
41
43
36
40
44
35
38
44
35
38
43
35
36
47
38
40
50
39
41
49
39
39
49
39
39
52
42
42
55
46
45
52
43
39
52
43
39
50
41
37
50
41
37
50
41
37
51
42
38
45
36
32
46
37
33
68
59
55
57
48
44
46
37
33
103
94
90
130
121
117
110
102
97
110
104
97
123
117
110
105
99
92
124
117
111
158
149
145
161
152
148
159
150
146
193
182
179
218
206
204
175
163
161
152
140
138
155
142
142
137
123
124
149
133
134
160
145
143
164
147
145
191
174
170
189
172
165
153
137
126
141
124
111
137
119
101
107
89
70
81
62
39
72
54
27
72
53
26
72
54
25
78
60
30
95
79
43
113
97
62
110
93
60
98
79
47
97
77
46
99
79
48
118
98
67
172
153
121
175
155
121
152
133
97
159
141
100
144
127
84
121
105
61
103
88
41
106
92
43
115
98
48
132
115
59
163
142
86
169
144
89
167
136
84
152
116
66
133
93
42
144
104
45
147
109
37
177
141
56
223
191
92
235
205
98
235
202
88
237
203
89
235
201
87
235
201
87
229
195
82
235
200
90
220
186
76
220
187
79
222
188
84
229
196
94
230
198
98
223
190
92
219
186
89
224
190
95
222
189
92
221
188
91
222
189
91
218
186
87
209
177
78
213
181
81
219
187
87
220
188
88
224
193
91
227
196
93
42
47
78
39
44
74
38
45
73
39
46
72
37
44
69
37
45
68
40
48
71
32
40
63
26
34
58
31
38
63
42
49
75
46
52
81
43
48
79
39
45
71
35
43
60
32
40
57
31
38
55
34
40
59
45
49
68
52
55
75
55
58
79
54
57
78
51
55
78
47
53
76
43
52
75
40
52
74
38
50
74
41
48
75
40
44
72
33
40
67
29
41
67
26
41
68
18
36
63
8
29
56
7
31
58
44
68
99
97
122
154
115
140
172
95
120
155
86
109
145
88
109
147
70
89
140
47
67
117
29
49
97
19
39
87
16
35
82
21
40
85
26
45
88
26
46
87
32
52
92
38
57
95
34
53
90
37
57
92
77
97
132
108
131
169
119
145
189
105
130
174
91
114
159
70
92
134
57
75
118
52
68
109
44
58
97
48
59
97
67
74
113
67
72
110
68
70
108
70
72
107
66
68
103
58
61
91
60
63
89
63
67
92
65
69
92
69
73
91
70
73
90
66
69
84
58
59
73
68
68
82
64
63
77
68
65
81
84
79
97
83
77
96
69
63
82
77
77
93
65
65
82
67
67
85
71
71
91
62
63
84
54
56
80
59
61
87
60
63
89
45
48
76
48
52
81
63
67
96
58
64
93
44
50
79
48
53
78
55
59
78
50
52
71
47
48
69
50
48
70
50
46
69
50
44
69
45
39
64
43
37
62
43
37
62
42
38
63
44
41
65
45
44
66
46
47
68
42
42
59
41
40
56
40
39
55
39
36
52
37
34
50
35
32
47
35
30
45
39
34
49
41
34
47
41
34
47
43
36
48
47
40
51
51
43
54
54
46
57
47
43
55
48
44
56
48
44
56
47
43
55
45
41
53
43
39
51
41
37
49
38
34
46
43
39
51
42
38
50
40
36
48
43
39
51
45
41
53
40
37
50
39
36
51
43
40
53
40
39
49
34
32
38
31
30
34
35
33
34
37
35
34
37
35
34
41
37
36
42
38
37
42
37
38
40
35
36
40
34
36
42
35
40
43
36
41
43
36
41
43
36
41
43
36
40
44
35
38
44
35
38
43
35
36
47
38
40
50
39
41
49
39
39
49
39
39
52
42
42
55
46
45
52
43
39
52
43
39
50
41
37
50
41
37
50
41
37
51
42
38
45
36
32
46
37
33
68
59
55
57
48
44
46
37
33
103
94
90
130
121
117
110
102
97
110
104
97
123
117
110
105
99
92
124
117
111
158
149
145
161
152
148
159
150
146
193
182
179
218
206
204
175
163
161
152
140
138
155
142
142
137
123
124
149
133
134
160
145
143
164
147
145
191
174
170
189
172
165
153
137
126
141
124
111
137
119
101
107
89
70
81
62
39
72
54
27
72
53
26
72
54
25
78
60
30
95
79
43
113
97
62
110
93
60
98
79
47
97
77
46
99
79
48
118
98
67
172
153
121
175
155
121
152
133
97
159
141
100
144
127
84
121
105
61
103
88
41
106
92
43
115
98
48
132
115
59
163
142
86
169
144
89
167
136
84
152
116
66
133
93
42
144
104
45
147
109
37
177
141
56
223
191
92
235
205
98
235
202
88
237
203
89
235
201
87
235
201
87
229
195
82
235
200
90
220
186
76
220
187
79
222
188
84
229
196
94
230
198
98
223
190
92
219
186
89
224
190
95
222
189
92
221
188
91
222
189
91
218
186
87
209
177
78
213
181
81
219
187
87
220
188
88
224
193
91
227
196
93
49
54
85
44
50
79
41
48
76
40
47
73
37
44
68
36
44
67
40
48
71
37
45
68
33
41
64
34
42
66
38
45
71
37
43
72
39
45
74
40
46
72
35
43
60
30
37
55
26
32
51
27
31
50
31
35
55
37
40
61
38
42
63
36
39
62
31
35
59
31
37
59
32
41
64
33
44
68
33
45
69
31
37
64
25
31
60
21
28
57
24
36
64
31
46
74
35
54
82
36
57
87
21
44
75
27
52
85
56
81
115
68
92
127
68
91
127
86
107
145
107
128
166
67
88
140
49
70
121
48
69
120
62
84
133
54
75
122
33
53
100
34
55
99
28
49
93
25
44
86
33
53
94
44
65
104
56
76
114
86
105
143
98
120
160
73
98
142
39
63
107
28
51
96
51
70
113
56
73
116
48
63
105
57
68
109
70
78
117
61
67
106
73
76
114
73
74
111
70
70
106
70
68
104
57
59
87
60
64
89
65
69
93
63
68
88
63
68
86
66
70
86
67
70
84
67
68
82
69
69
83
63
62
77
67
64
80
64
59
77
60
54
73
87
81
100
67
67
83
55
55
71
55
55
72
57
56
75
57
58
78
67
68
89
62
63
88
58
59
86
57
59
88
56
58
88
43
45
76
54
57
88
45
48
79
48
52
78
44
46
67
43
45
65
46
44
66
47
44
66
48
42
65
48
41
65
48
39
65
46
39
64
47
41
66
42
39
61
40
38
60
41
40
62
44
45
65
41
41
58
41
40
56
42
41
57
44
41
56
43
40
55
40
37
52
40
37
49
47
43
55
48
41
54
46
40
51
46
40
51
49
41
52
52
43
54
54
46
56
42
38
49
44
40
51
45
41
52
44
40
51
42
38
49
41
37
48
39
35
46
36
32
44
44
40
51
46
42
53
44
40
51
44
40
51
42
38
49
39
36
49
43
40
53
48
45
56
45
42
51
34
32
38
32
30
34
39
36
37
39
37
36
39
36
35
42
38
37
43
39
38
42
38
37
41
35
36
39
33
34
39
32
36
40
33
38
41
34
39
43
36
41
45
37
40
46
37
40
45
37
38
44
36
37
50
39
40
52
42
42
51
41
41
51
40
40
54
42
41
57
45
43
53
43
40
55
46
42
56
47
43
56
47
43
53
44
40
49
40
36
48
39
35
56
47
43
90
81
77
123
114
110
98
88
85
69
60
56
74
65
61
81
73
68
106
100
93
110
104
97
127
121
114
114
106
99
113
105
99
120
111
107
135
124
120
177
165
162
232
220
218
184
172
170
169
156
154
170
157
155
152
139
137
161
145
142
174
157
154
124
107
104
135
119
112
144
127
118
124
108
95
113
96
79
109
92
72
74
57
33
80
62
36
103
84
55
107
88
57
111
92
59
120
101
67
132
115
77
147
130
93
144
125
89
138
119
84
146
126
91
136
116
81
138
117
82
190
168
132
201
180
141
173
154
111
161
140
95
135
115
68
128
108
60
119
101
52
139
123
70
167
150
95
170
152
94
175
154
94
176
151
93
173
144
88
156
121
68
122
84
30
136
96
36
141
102
31
167
132
46
220
188
89
233
201
95
237
203
90
241
207
93
238
204
90
233
199
86
224
190
79
232
197
88
222
188
80
219
184
80
222
187
85
232
198
99
234
201
103
222
190
92
219
186
89
225
191
97
216
183
86
219
186
89
228
195
97
226
194
95
213
181
82
215
183
82
220
188
88
221
189
89
226
195
93
229
198
95
49
54
85
44
50
79
42
48
76
40
47
73
37
45
68
36
44
67
40
48
71
37
45
68
34
42
65
35
42
66
38
45
71
37
43
72
39
45
74
40
46
72
35
43
60
30
37
55
26
32
51
27
31
50
31
35
54
36
39
60
38
41
62
36
38
61
31
35
59
30
36
59
32
41
64
33
44
68
33
45
69
30
37
64
25
30
59
20
28
57
24
36
64
31
46
74
36
55
83
38
59
89
22
44
76
27
52
84
54
79
113
66
91
126
67
90
126
86
107
145
108
129
167
68
89
140
49
70
121
49
70
121
64
86
135
56
76
124
34
54
101
34
55
100
28
49
93
25
44
86
33
53
94
45
66
104
57
77
115
86
105
143
98
120
160
71
96
140
36
60
105
25
48
93
50
69
112
57
73
116
48
63
105
57
68
109
71
79
118
61
66
105
74
76
114
73
74
112
71
70
106
70
68
104
57
59
87
60
64
89
65
70
93
63
68
88
63
67
86
66
70
86
67
70
84
67
68
82
69
69
83
64
63
77
67
64
80
63
58
76
60
54
73
88
82
101
67
67
83
55
55
71
54
54
72
56
55
75
57
58
78
68
69
90
62
64
88
58
59
86
58
59
88
56
58
88
43
45
76
54
57
88
45
48
79
49
52
78
44
46
67
43
44
65
46
44
66
47
44
66
48
42
65
48
41
65
48
39
65
46
39
65
47
41
66
42
40
62
40
38
60
40
40
61
44
45
66
41
41
58
41
40
56
42
41
57
44
41
56
43
40
55
41
38
53
41
37
50
48
44
56
49
42
54
47
41
52
46
40
51
49
41
52
52
44
54
54
46
56
42
38
49
44
40
51
45
41
52
44
40
51
42
38
49
41
37
48
39
35
46
37
33
44
45
41
52
46
42
53
44
40
51
44
40
51
42
38
49
40
36
49
43
40
53
49
45
57
45
42
52
34
32
38
32
30
34
39
36
37
39
37
36
39
36
35
42
38
37
43
39
38
43
38
38
41
35
36
39
33
34
39
32
36
40
33
38
42
35
40
43
36
41
45
37
40
46
37
40
45
37
38
44
36
37
50
39
41
52
42
42
51
41
41
51
40
40
55
43
41
57
46
43
53
44
40
55
46
42
57
48
44
56
47
43
53
44
40
49
40
36
48
39
35
57
48
44
91
82
78
126
117
113
100
91
87
68
59
55
72
63
59
80
72
67
106
100
93
109
103
96
128
122
115
114
106
99
112
103
97
119
110
106
134
124
120
176
165
161
233
221
219
185
172
170
170
157
155
170
157
155
153
140
138
162
145
143
175
158
155
123
106
102
133
116
110
143
126
116
123
107
94
113
95
78
108
91
71
73
55
31
81
63
36
104
86
56
109
89
58
113
94
61
122
103
69
134
117
79
149
131
94
145
127
90
139
121
85
148
128
93
138
118
83
139
118
83
191
169
133
202
181
142
174
155
112
161
140
95
134
114
67
128
108
60
120
102
52
140
124
72
169
153
97
172
154
95
175
155
95
176
151
93
173
144
88
156
121
68
121
84
30
136
96
36
141
102
31
167
131
45
220
188
89
233
201
95
237
204
90
241
207
93
238
204
91
233
199
86
224
190
79
232
197
88
222
188
81
219
184
80
222
187
85
233
198
99
235
202
103
223
190
92
219
186
89
225
192
97
216
183
86
219
186
89
228
196
97
227
195
96
213
181
82
215
183
83
220
188
88
221
189
89
227
195
93
229
198
95
47
53
83
44
50
79
42
49
77
40
47
73
39
47
70
40
48
71
43
52
73
41
49
72
36
44
67
34
42
66
34
41
68
34
40
69
34
40
69
35
42
67
32
41
58
28
35
54
25
31
50
25
31
49
30
33
53
34
37
58
33
36
58
29
32
56
27
31
55
28
34
58
33
42
66
34
45
69
33
45
69
30
38
65
29
36
65
32
40
70
29
40
70
27
42
72
30
49
79
27
49
80
12
29
62
34
59
93
61
86
121
68
92
128
79
102
139
100
122
159
107
128
166
56
77
129
36
58
109
39
61
112
58
80
130
51
72
121
46
66
114
42
62
108
40
60
105
36
56
99
33
52
95
39
58
99
60
78
118
78
97
136
81
101
143
53
77
122
23
46
91
23
45
89
47
66
109
52
68
110
51
65
106
61
72
112
72
79
119
69
74
112
75
77
115
74
74
111
72
71
107
69
67
103
60
62
89
61
64
89
63
67
90
62
67
86
62
67
84
65
68
84
66
69
83
66
67
81
67
67
81
62
61
75
64
61
76
62
57
75
62
56
75
78
71
91
65
65
80
56
56
71
53
53
70
54
54
72
55
56
75
61
62
82
59
60
84
59
60
85
56
57
85
52
54
83
42
43
74
48
49
80
44
46
78
46
49
76
42
43
64
39
39
61
42
39
61
46
42
65
48
42
65
48
40
64
46
38
62
46
38
63
47
41
65
44
41
63
41
40
61
40
41
62
42
43
64
41
41
57
40
39
54
43
42
57
48
45
60
47
44
58
43
40
54
42
38
51
50
46
58
51
45
56
49
43
53
47
42
52
48
41
52
51
43
53
52
44
54
41
37
47
42
38
48
42
39
49
42
39
49
42
39
49
42
38
48
40
37
47
39
36
46
46
43
53
48
45
55
45
42
52
43
40
50
43
39
49
41
38
50
42
38
51
43
39
50
41
38
47
36
34
39
37
35
37
40
38
39
39
37
36
39
36
34
41
38
35
42
37
37
42
37
36
41
36
36
41
35
36
40
33
38
40
33
38
41
33
38
44
36
40
46
38
41
47
39
41
48
39
40
48
39
40
53
43
44
56
45
45
55
44
43
54
43
42
56
44
42
56
45
42
53
44
38
56
46
41
56
47
41
58
48
43
56
46
41
58
49
43
65
56
50
75
66
60
101
92
86
120
111
105
99
90
84
84
75
69
80
71
65
74
66
59
103
97
89
118
111
103
114
107
100
86
78
71
95
87
80
124
114
109
144
134
129
172
161
157
204
192
189
171
159
156
159
147
144
160
148
145
153
140
138
160
144
140
162
144
140
114
97
91
107
90
82
117
100
89
111
94
80
98
80
62
98
80
59
88
70
45
100
82
54
121
102
71
133
114
81
141
122
88
145
127
91
155
137
97
163
145
107
161
142
105
155
136
99
155
134
99
143
123
87
144
123
86
178
156
118
182
160
119
161
140
96
160
139
92
154
133
84
153
132
81
146
128
75
157
140
85
171
154
96
170
152
91
176
155
94
174
149
90
161
132
75
148
114
61
128
90
36
136
97
38
138
99
28
165
129
44
221
188
90
230
198
93
239
205
92
238
204
91
237
203
90
238
203
92
235
200
90
235
200
92
222
188
82
216
181
78
226
191
90
232
198
99
234
201
102
228
195
98
222
189
92
222
189
93
217
184
87
224
191
94
233
200
102
227
195
96
213
181
82
215
183
83
220
189
88
223
191
91
229
198
96
230
199
96
45
51
80
45
51
80
43
50
78
41
48
74
42
49
73
45
53
76
48
57
77
46
54
75
40
48
71
34
41
66
30
37
64
30
36
65
29
35
64
29
36
61
30
38
57
26
33
52
24
30
49
24
30
49
28
31
52
30
33
54
27
30
52
22
25
49
22
27
51
26
33
58
34
44
68
36
47
71
33
46
70
29
39
66
35
43
72
46
56
86
35
47
78
22
38
70
23
42
74
15
37
70
2
11
45
43
67
103
70
94
131
70
93
131
94
117
155
118
139
177
107
128
166
41
63
115
21
43
95
28
50
101
51
72
123
46
68
117
60
82
130
51
71
118
54
74
120
51
70
115
33
52
96
31
49
92
63
80
123
69
87
128
60
80
122
31
54
99
8
30
75
21
42
85
42
62
105
46
62
104
55
68
109
66
76
116
73
81
120
79
83
121
77
78
115
76
75
111
75
73
109
69
66
102
63
65
92
61
65
89
60
65
86
60
66
84
61
66
83
63
67
81
65
68
82
65
66
80
63
63
77
60
59
73
59
56
72
62
57
75
65
58
78
66
59
80
62
63
77
57
58
73
52
52
68
52
52
69
52
54
72
53
54
74
56
57
79
60
60
85
54
55
82
48
48
78
43
42
73
41
40
72
43
44
78
44
45
74
40
41
62
35
34
55
37
34
56
45
41
63
49
42
65
47
39
62
44
36
59
45
37
60
47
41
64
46
43
65
43
42
64
41
42
63
41
42
63
42
42
58
38
38
52
43
43
57
53
50
65
52
49
63
45
43
55
44
40
52
53
49
61
54
48
59
51
46
56
49
44
53
49
42
51
50
42
52
50
42
52
40
37
46
39
36
45
39
36
45
40
37
46
42
39
48
43
40
49
42
39
48
43
40
49
49
46
55
51
48
57
47
44
53
43
40
49
44
41
50
44
41
51
41
37
49
36
32
43
35
32
41
39
37
42
43
40
42
43
41
40
40
37
36
40
37
33
41
38
34
41
36
35
41
36
35
43
37
37
45
39
40
42
35
39
40
33
38
40
33
36
45
36
39
48
39
42
50
41
43
52
41
43
53
42
44
58
48
48
60
50
50
60
48
47
58
46
44
57
45
43
56
44
41
55
45
38
57
47
40
56
46
39
60
50
43
59
49
42
70
60
53
86
76
69
98
88
81
114
104
97
114
104
97
98
88
81
105
95
88
90
80
73
67
59
51
100
93
84
128
121
112
97
90
81
52
44
37
76
67
60
130
120
113
157
147
142
167
156
152
169
157
153
155
143
139
147
134
132
149
136
134
154
141
139
158
142
137
146
127
122
104
87
79
75
58
48
87
69
57
97
80
64
80
62
44
86
68
45
106
88
61
124
105
75
141
122
90
163
144
110
176
157
120
175
156
118
180
162
121
181
163
123
180
161
123
173
154
116
164
142
106
150
129
91
151
130
90
163
141
100
158
135
91
146
123
77
158
136
88
178
156
105
182
161
108
179
160
104
177
159
102
173
155
94
167
149
86
177
156
94
172
148
86
146
117
60
138
105
52
136
98
44
137
99
39
135
96
25
164
127
44
221
187
91
226
194
90
241
207
94
235
201
88
235
201
89
243
208
98
249
213
104
240
204
96
223
188
84
213
178
76
231
196
96
232
197
98
233
200
101
236
203
105
227
194
97
218
185
88
217
184
87
231
198
101
238
206
108
228
196
97
213
181
82
215
183
83
221
189
89
227
195
95
233
202
100
231
200
97
45
51
80
45
51
80
43
50
78
41
48
74
42
49
73
45
53
76
48
57
77
46
54
75
40
48
71
34
41
66
30
37
64
30
36
65
29
35
64
29
36
61
30
38
57
26
33
52
24
30
49
24
30
49
28
31
52
30
33
54
27
30
52
22
25
49
22
27
51
26
33
58
34
44
68
36
47
71
33
46
70
29
39
66
35
43
72
46
56
86
35
47
78
22
38
70
23
42
74
15
37
70
2
11
45
43
67
103
70
94
131
70
93
131
94
117
155
118
139
177
107
128
166
41
63
115
21
43
95
28
50
101
51
72
123
46
68
117
60
82
130
51
71
118
54
74
120
51
70
115
33
52
96
31
49
92
63
80
123
69
87
128
60
80
122
31
54
99
8
30
75
21
42
85
42
62
105
46
62
104
55
68
109
66
76
116
73
81
120
79
83
121
77
78
115
76
75
111
75
73
109
69
66
102
63
65
92
61
65
89
60
65
86
60
66
84
61
66
83
63
67
81
65
68
82
65
66
80
63
63
77
60
59
73
59
56
72
62
57
75
65
58
78
66
59
80
62
63
77
57
58
73
52
52
68
52
52
69
52
54
72
53
54
74
56
57
79
60
60
85
54
55
82
48
48
78
43
42
73
41
40
72
43
44
78
44
45
74
40
41
62
35
34
55
37
34
56
45
41
63
49
42
65
47
39
62
44
36
59
45
37
60
47
41
64
46
43
65
43
42
64
41
42
63
41
42
63
42
42
58
38
38
52
43
43
57
53
50
65
52
49
63
45
43
55
44
40
52
53
49
61
54
48
59
51
46
56
49
44
53
49
42
51
50
42
52
50
42
52
40
37
46
39
36
45
39
36
45
40
37
46
42
39
48
43
40
49
42
39
48
43
40
49
49
46
55
51
48
57
47
44
53
43
40
49
44
41
50
44
41
51
41
37
49
36
32
43
35
32
41
39
37
42
43
40
42
43
41
40
40
37
36
40
37
33
41
38
34
41
36
35
41
36
35
43
37
37
45
39
40
42
35
39
40
33
38
40
33
36
45
36
39
48
39
42
50
41
43
52
41
43
53
42
44
58
48
48
60
50
50
60
48
47
58
46
44
57
45
43
56
44
41
55
45
38
57
47
40
56
46
39
60
50
43
59
49
42
70
60
53
86
76
69
98
88
81
114
104
97
114
104
97
98
88
81
105
95
88
90
80
73
67
59
51
100
93
84
128
121
112
97
90
81
52
44
37
76
67
60
130
120
113
157
147
142
167
156
152
169
157
153
155
143
139
147
134
132
149
136
134
154
141
139
158
142
137
146
127
122
104
87
79
75
58
48
87
69
57
97
80
64
80
62
44
86
68
45
106
88
61
124
105
75
141
122
90
163
144
110
176
157
120
175
156
118
180
162
121
181
163
123
180
161
123
173
154
116
164
142
106
150
129
91
151
130
90
163
141
100
158
135
91
146
123
77
158
136
88
178
156
105
182
161
108
179
160
104
177
159
102
173
155
94
167
149
86
177
156
94
172
148
86
146
117
60
138
105
52
136
98
44
137
99
39
135
96
25
164
127
44
221
187
91
226
194
90
241
207
94
235
201
88
235
201
89
243
208
98
249
213
104
240
204
96
223
188
84
213
178
76
231
196
96
232
197
98
233
200
101
236
203
105
227
194
97
218
185
88
217
184
87
231
198
101
238
206
108
228
196
97
213
181
82
215
183
83
221
189
89
227
195
95
233
202
100
231
200
97
33
39
68
35
42
70
39
46
73
43
50
75
44
52
76
45
54
74
45
54
74
48
57
77
38
46
68
27
34
58
22
29
56
23
30
57
27
33
62
27
34
59
24
34
52
28
37
56
29
37
56
27
32
53
24
28
49
26
28
50
27
30
54
29
33
57
30
35
60
31
37
62
34
44
68
37
50
74
41
55
80
43
55
82
36
46
76
35
46
76
29
43
75
17
35
68
12
33
67
4
27
63
17
40
77
65
91
128
97
123
161
103
126
167
108
130
170
107
129
170
97
118
159
30
53
106
9
33
85
4
27
78
27
49
100
51
73
124
88
110
158
70
90
138
45
65
112
67
85
132
58
75
121
34
50
96
40
56
102
49
65
108
53
71
114
36
57
101
25
45
88
39
56
99
54
70
112
54
68
109
59
70
111
69
77
117
74
80
118
74
78
116
71
71
107
74
72
108
75
72
108
71
67
102
64
66
91
62
67
88
61
67
85
59
65
83
59
64
80
59
62
77
59
62
76
57
59
70
57
57
71
57
56
71
56
53
70
58
53
72
61
54
75
63
56
77
57
58
72
52
53
67
48
49
63
49
49
65
52
52
68
53
53
71
52
51
72
51
51
73
48
47
72
44
43
71
41
39
69
41
38
70
44
41
76
46
42
73
43
41
65
39
36
58
39
36
58
46
40
62
50
43
64
49
43
63
49
43
62
49
43
62
47
43
62
45
43
63
45
44
64
44
45
65
43
46
65
41
42
57
36
36
50
39
39
51
47
45
57
48
46
58
45
43
54
46
43
54
46
42
53
47
42
51
46
41
50
47
42
50
49
43
50
50
43
50
49
42
49
46
42
48
48
44
50
47
43
49
43
39
45
40
36
43
43
39
46
44
41
47
43
40
46
49
45
51
50
46
52
46
42
49
43
39
45
45
41
47
45
41
50
42
38
50
38
34
45
36
33
42
39
36
40
41
38
40
41
38
38
38
34
31
38
35
31
43
39
35
46
41
38
46
41
40
47
42
41
51
44
44
51
43
46
48
40
43
44
35
38
45
36
39
49
41
42
54
44
46
57
46
48
48
38
38
52
42
42
55
43
42
54
42
40
52
40
39
52
40
38
54
42
39
56
46
39
44
34
27
49
39
32
60
50
43
49
39
32
55
45
38
91
81
74
105
95
88
74
65
57
77
67
60
69
59
52
58
48
41
70
60
53
66
57
49
72
65
56
86
79
70
82
75
66
63
56
47
71
61
54
106
96
89
149
140
133
170
158
154
171
159
155
152
140
136
142
130
126
149
135
133
162
147
145
175
158
151
163
146
135
127
110
98
100
84
70
110
93
77
123
105
87
116
99
76
134
117
90
153
134
105
162
143
111
164
144
110
171
152
116
179
160
122
177
158
119
171
153
111
171
153
110
171
151
110
169
149
109
169
148
107
169
147
106
167
143
102
161
136
93
149
125
80
146
121
72
167
143
92
185
162
107
185
162
106
180
159
101
180
161
101
182
164
102
182
162
97
184
164
98
182
158
95
170
142
83
154
121
67
141
104
50
135
97
38
132
93
24
165
128
47
225
190
96
230
197
95
234
200
89
229
194
84
229
194
84
239
203
95
245
209
103
239
202
98
225
190
86
220
184
84
235
199
100
229
194
96
227
194
95
236
204
105
231
199
100
222
190
91
224
192
95
230
197
100
233
201
103
226
194
95
215
183
84
216
184
84
224
192
92
232
199
100
236
205
103
233
202
99
32
38
67
35
41
70
39
46
73
43
50
76
45
52
76
45
54
74
45
54
74
48
57
77
38
46
68
26
34
58
21
28
55
23
30
57
27
33
62
27
34
59
24
34
52
28
38
56
30
37
56
27
32
53
23
28
49
25
28
50
27
30
54
29
33
57
31
36
60
31
38
63
34
44
68
38
50
74
42
56
80
44
56
83
36
47
76
34
45
75
28
42
75
17
35
68
12
32
67
4
27
63
18
41
79
67
93
130
99
125
163
105
129
169
108
130
171
107
129
170
96
118
159
29
53
105
9
32
84
3
25
76
25
48
98
52
73
124
90
112
160
72
92
139
45
64
111
68
86
133
59
76
122
34
50
96
39
55
101
48
64
107
52
70
114
36
57
101
27
47
89
40
57
100
55
71
113
55
68
109
60
71
111
69
78
117
74
81
118
74
78
115
71
71
107
74
72
108
75
72
108
71
67
102
64
66
91
62
67
88
61
67
85
59
65
83
59
64
80
59
62
77
59
62
76
56
58
70
57
57
71
57
56
71
57
53
70
58
53
72
61
54
74
63
56
77
57
58
72
52
53
67
48
49
63
49
49
65
52
52
68
53
53
71
52
51
72
50
51
73
47
47
72
44
42
70
41
39
69
41
38
70
45
41
76
46
42
73
44
41
66
39
36
59
39
36
58
46
40
62
50
43
64
50
43
63
50
44
63
49
43
62
47
43
62
45
43
63
45
44
64
44
45
65
43
46
66
41
42
57
36
36
50
39
38
50
46
44
56
47
45
57
45
43
54
46
43
54
46
42
53
47
42
51
46
41
50
47
42
49
49
43
50
50
43
50
49
42
49
47
43
49
48
44
50
47
43
49
43
39
45
40
36
42
43
39
45
45
41
47
44
40
46
49
45
51
50
46
52
46
42
48
43
39
45
45
41
47
46
42
50
43
39
51
38
34
45
36
33
42
39
36
40
41
38
40
41
39
38
38
34
31
38
35
31
44
39
36
46
41
38
46
41
40
47
42
41
51
44
45
52
43
46
49
40
43
45
36
39
45
36
39
49
41
43
54
44
46
58
47
49
48
38
38
52
42
42
55
43
42
54
42
40
52
40
38
52
40
38
53
42
39
56
46
39
43
33
26
48
38
31
60
50
43
49
39
32
54
44
37
91
81
74
105
95
88
72
62
55
75
65
58
67
57
50
55
45
38
69
59
52
66
57
49
71
64
55
83
76
67
81
74
65
64
56
48
71
61
54
104
94
87
149
139
132
170
159
154
171
159
155
152
140
136
142
130
126
149
136
133
162
147
145
176
159
151
164
148
136
128
112
99
102
86
71
112
95
78
124
107
89
119
101
79
137
120
93
156
138
108
165
145
113
165
146
111
172
153
116
179
160
123
177
159
120
170
153
110
170
153
110
170
151
109
169
149
108
170
148
107
170
148
107
168
144
103
160
136
93
149
125
79
146
121
72
168
144
92
186
162
107
185
162
106
180
159
101
180
161
101
183
165
102
183
163
98
185
165
98
183
159
96
172
144
85
155
123
68
141
104
50
135
97
38
132
93
25
166
128
47
225
190
97
230
197
95
234
200
88
228
193
83
229
193
84
239
203
95
245
209
104
239
202
98
225
190
87
220
184
84
235
200
100
228
193
95
227
194
95
236
204
105
231
199
100
222
190
92
225
192
95
230
197
100
233
201
102
226
194
95
215
183
84
217
185
85
224
192
92
232
200
100
236
205
103
234
203
100
33
40
69
36
42
71
40
47
74
45
52
77
46
54
78
44
53
73
42
51
71
46
55
75
36
45
66
25
33
56
20
27
53
21
28
55
26
31
60
23
31
56
19
30
48
27
37
56
32
40
59
30
36
57
27
32
53
28
32
55
29
33
57
30
35
59
31
37
62
30
38
63
30
41
66
34
47
72
40
54
79
43
56
83
32
44
74
29
42
73
28
44
77
20
38
73
22
43
79
26
51
87
46
70
109
79
105
143
101
127
167
104
128
169
100
123
164
96
120
160
93
115
156
41
65
117
25
48
100
16
39
90
34
57
107
62
84
134
96
118
167
71
91
139
46
65
112
66
83
130
61
77
124
43
58
105
50
66
112
55
71
115
59
76
120
48
67
110
40
59
101
48
65
107
57
72
114
58
70
111
62
73
112
71
79
117
74
79
117
71
74
111
68
68
103
72
70
105
74
72
106
71
68
102
64
67
90
62
67
87
60
66
85
58
65
82
57
62
78
56
60
74
56
59
72
52
54
65
54
54
68
55
54
69
55
52
69
56
50
70
57
51
71
60
53
74
54
55
69
49
50
64
46
47
61
48
48
63
51
51
66
52
52
69
50
50
68
49
48
70
47
45
70
45
43
69
44
41
70
44
40
72
46
42
76
47
43
74
45
41
67
41
38
61
41
37
60
46
40
62
50
43
63
51
44
63
51
45
63
50
44
62
46
42
60
43
42
60
44
44
64
44
46
65
43
46
65
42
43
57
37
37
50
38
37
49
44
42
54
45
43
54
43
42
52
46
43
53
43
39
49
43
39
47
43
39
46
46
41
48
49
43
50
50
43
50
48
42
48
46
42
48
49
45
51
48
44
50
43
39
44
39
35
41
42
39
45
45
41
47
43
39
46
48
44
50
48
44
50
45
41
47
42
38
44
44
40
46
45
41
50
43
39
51
39
35
45
37
34
42
39
36
40
41
38
39
42
38
38
37
34
31
39
35
32
46
41
38
47
42
40
47
41
40
48
41
41
51
44
44
52
44
46
50
41
44
46
37
41
47
38
41
51
42
44
54
44
46
56
45
47
48
38
38
52
41
40
54
42
41
53
41
39
51
39
37
52
40
37
54
42
39
55
45
38
43
33
26
48
38
31
60
50
43
50
40
33
49
39
32
79
69
62
97
87
80
74
64
57
68
58
51
55
45
38
56
46
39
78
68
61
73
64
56
68
61
52
78
71
62
96
88
79
95
86
78
90
80
72
109
99
92
153
142
135
175
163
158
175
163
159
156
143
139
145
132
128
153
139
136
167
152
150
173
156
147
162
146
132
135
119
105
116
100
84
126
109
91
140
122
102
138
121
97
156
138
110
173
154
124
178
159
126
173
154
119
175
155
118
182
162
124
181
162
122
174
157
113
173
155
112
173
153
111
173
152
111
174
152
110
176
153
111
177
152
110
175
150
106
167
142
95
161
135
85
171
147
93
179
154
98
181
157
99
184
162
103
182
163
101
181
162
98
185
164
99
190
170
103
184
160
97
167
139
80
156
123
69
142
105
52
134
96
38
131
91
24
165
127
48
227
191
99
233
198
98
232
197
87
226
191
82
227
191
83
236
200
93
242
205
101
237
199
97
224
188
87
224
187
88
236
200
101
228
193
95
227
194
95
237
205
105
233
200
101
224
192
93
226
193
96
228
195
98
230
198
99
226
194
95
217
185
86
219
188
87
227
195
95
235
203
103
238
207
105
236
204
102
35
41
70
38
44
73
43
50
76
48
56
80
49
57
80
44
53
73
39
48
68
44
53
73
34
42
64
23
31
54
18
26
50
20
27
54
23
29
58
19
27
52
12
24
42
26
36
55
35
44
64
35
42
62
31
38
58
33
37
61
32
37
61
32
38
62
32
39
64
28
38
62
26
38
62
30
44
70
38
53
79
42
56
84
28
42
71
23
38
70
28
46
79
23
44
79
35
58
95
57
82
119
84
109
148
95
121
161
105
130
172
103
127
169
90
115
156
83
108
148
89
111
152
57
81
133
46
70
122
34
57
108
46
69
119
76
98
148
105
126
177
70
89
138
48
65
113
63
80
127
63
79
126
55
69
117
65
80
126
65
80
126
68
84
129
63
80
123
58
76
118
59
75
117
61
75
117
62
73
113
65
75
113
72
80
117
74
78
115
68
70
105
64
64
98
69
68
102
73
72
105
72
69
101
63
67
89
61
67
86
60
66
84
58
64
80
56
61
75
53
58
71
51
55
67
46
48
59
50
50
64
54
53
67
54
51
68
53
47
67
54
47
68
56
49
70
51
52
66
45
46
60
43
44
58
46
47
61
50
51
65
50
50
66
48
48
64
47
46
65
46
43
67
46
43
69
47
43
72
48
43
74
49
44
77
49
44
75
47
43
68
45
41
64
45
39
62
47
40
61
50
43
63
53
45
64
54
47
64
51
45
62
45
41
57
42
41
57
44
45
63
45
47
65
43
46
65
43
44
57
38
38
50
37
36
48
40
39
50
41
40
50
42
41
51
45
43
52
38
35
44
39
34
43
40
36
42
45
41
47
50
44
50
50
43
50
48
42
47
46
42
48
50
46
52
49
45
51
42
38
44
37
33
39
42
38
44
45
41
47
43
39
45
46
42
48
46
42
48
42
38
44
40
36
42
43
39
45
45
41
50
45
41
52
41
37
46
39
35
41
40
36
41
41
37
39
43
38
38
37
34
31
40
36
33
49
44
41
50
45
42
48
42
40
49
41
41
52
44
44
53
44
47
51
42
45
49
40
43
50
41
43
53
44
45
55
44
46
54
44
44
48
38
38
52
40
39
53
41
39
52
40
38
51
38
36
52
40
36
54
43
38
54
44
37
43
33
26
47
37
30
61
51
44
51
41
34
43
33
26
64
54
47
87
77
70
77
67
60
59
49
42
40
30
23
58
48
41
89
79
72
81
73
64
65
58
48
71
64
55
116
107
98
135
126
117
115
106
97
116
107
99
157
146
140
180
168
162
181
169
165
160
147
144
150
135
132
158
143
140
175
160
157
169
152
141
160
144
128
144
128
112
135
119
101
145
128
108
161
143
120
164
147
121
181
162
133
196
177
145
197
177
143
184
165
128
180
159
121
185
164
126
187
167
125
180
161
116
178
159
115
178
157
114
178
156
114
181
157
115
184
159
117
188
163
120
194
169
124
190
165
116
181
155
104
176
151
95
170
143
85
177
151
91
189
166
105
186
165
101
179
160
93
188
166
100
198
177
109
187
162
98
162
134
75
157
124
70
144
108
56
134
94
38
130
89
23
165
127
48
229
192
102
237
200
103
229
193
86
224
188
80
224
188
81
232
196
90
239
201
99
235
196
96
223
187
87
228
191
93
237
201
103
227
192
94
226
193
95
238
206
106
234
202
102
227
194
95
228
195
98
226
193
96
227
194
96
225
193
94
220
188
89
224
192
92
231
199
99
239
207
107
241
210
108
238
207
104
35
41
70
38
44
73
43
50
76
48
56
80
49
57
80
44
53
73
39
48
68
44
53
73
34
42
64
23
31
54
18
26
50
20
27
54
23
29
58
19
27
52
12
24
42
26
36
55
35
44
64
35
42
62
31
38
58
33
37
61
32
37
61
32
38
62
32
39
64
28
38
62
26
38
62
30
44
70
38
53
79
42
56
84
28
42
71
23
38
70
28
46
79
23
44
79
35
58
95
57
82
119
84
109
148
95
121
161
105
130
172
103
127
169
90
115
156
83
108
148
89
111
152
57
81
133
46
70
122
34
57
108
46
69
119
76
98
148
105
126
177
70
89
138
48
65
113
63
80
127
63
79
126
55
69
117
65
80
126
65
80
126
68
84
129
63
80
123
58
76
118
59
75
117
61
75
117
62
73
113
65
75
113
72
80
117
74
78
115
68
70
105
64
64
98
69
68
102
73
72
105
72
69
101
63
67
89
61
67
86
60
66
84
58
64
80
56
61
75
53
58
71
51
55
67
46
48
59
50
50
64
54
53
67
54
51
68
53
47
67
54
47
68
56
49
70
51
52
66
45
46
60
43
44
58
46
47
61
50
51
65
50
50
66
48
48
64
47
46
65
46
43
67
46
43
69
47
43
72
48
43
74
49
44
77
49
44
75
47
43
68
45
41
64
45
39
62
47
40
61
50
43
63
53
45
64
54
47
64
51
45
62
45
41
57
42
41
57
44
45
63
45
47
65
43
46
65
43
44
57
38
38
50
37
36
48
40
39
50
41
40
50
42
41
51
45
43
52
38
35
44
39
34
43
40
36
42
45
41
47
50
44
50
50
43
50
48
42
47
46
42
48
50
46
52
49
45
51
42
38
44
37
33
39
42
38
44
45
41
47
43
39
45
46
42
48
46
42
48
42
38
44
40
36
42
43
39
45
45
41
50
45
41
52
41
37
46
39
35
41
40
36
41
41
37
39
43
38
38
37
34
31
40
36
33
49
44
41
50
45
42
48
42
40
49
41
41
52
44
44
53
44
47
51
42
45
49
40
43
50
41
43
53
44
45
55
44
46
54
44
44
48
38
38
52
40
39
53
41
39
52
40
38
51
38
36
52
40
36
54
43
38
54
44
37
43
33
26
47
37
30
61
51
44
51
41
34
43
33
26
64
54
47
87
77
70
77
67
60
59
49
42
40
30
23
58
48
41
89
79
72
81
73
64
65
58
48
71
64
55
116
107
98
135
126
117
115
106
97
116
107
99
157
146
140
180
168
162
181
169
165
160
147
144
150
135
132
158
143
140
175
160
157
169
152
141
160
144
128
144
128
112
135
119
101
145
128
108
161
143
120
164
147
121
181
162
133
196
177
145
197
177
143
184
165
128
180
159
121
185
164
126
187
167
125
180
161
116
178
159
115
178
157
114
178
156
114
181
157
115
184
159
117
188
163
120
194
169
124
190
165
116
181
155
104
176
151
95
170
143
85
177
151
91
189
166
105
186
165
101
179
160
93
188
166
100
198
177
109
187
162
98
162
134
75
157
124
70
144
108
56
134
94
38
130
89
23
165
127
48
229
192
102
237
200
103
229
193
86
224
188
80
224
188
81
232
196
90
239
201
99
235
196
96
223
187
87
228
191
93
237
201
103
227
192
94
226
193
95
238
206
106
234
202
102
227
194
95
228
195
98
226
193
96
227
194
96
225
193
94
220
188
89
224
192
92
231
199
99
239
207
107
241
210
108
238
207
104
50
56
85
46
53
80
45
52
78
45
53
77
43
52
73
35
44
64
27
36
56
33
42
62
29
38
59
26
34
56
25
32
56
24
31
57
22
28
56
16
25
50
12
26
45
23
35
55
32
43
63
35
44
64
34
41
64
36
42
65
36
42
66
34
41
66
32
41
65
25
37
61
22
35
61
24
39
65
28
45
71
27
43
71
17
35
65
28
48
79
36
57
90
23
45
82
42
66
105
87
112
153
110
137
178
96
123
167
89
116
160
87
113
156
79
104
146
77
101
143
86
111
151
93
118
169
87
112
162
73
97
147
73
96
146
88
110
160
106
126
174
74
94
142
72
88
137
66
82
130
62
77
125
68
81
129
90
102
150
90
102
150
96
109
154
94
109
151
83
97
137
67
80
120
59
71
111
66
77
115
70
79
116
71
78
113
67
72
107
60
63
97
60
60
94
67
66
98
71
69
100
68
66
96
59
64
85
57
64
81
57
64
80
55
62
76
52
58
71
49
54
66
47
51
62
41
43
54
47
47
60
52
51
66
52
48
66
49
43
63
48
41
62
49
42
64
47
48
62
41
42
56
40
42
54
45
47
58
50
52
63
50
52
63
47
47
61
46
45
62
46
44
64
48
45
68
50
45
72
52
47
76
50
44
76
48
43
71
47
43
67
50
44
67
50
44
66
50
43
62
50
43
59
53
46
61
53
46
60
48
43
56
40
38
50
39
39
53
42
44
58
41
45
60
37
41
58
43
45
57
43
44
54
39
39
50
40
39
49
39
38
48
40
39
48
43
40
49
37
33
42
37
33
39
39
35
41
44
40
46
50
45
50
49
43
48
46
40
45
41
37
42
43
39
44
43
39
44
40
36
41
38
34
39
41
37
42
44
40
45
43
39
44
43
40
45
42
38
43
39
35
40
38
34
40
41
37
42
45
40
48
46
40
51
43
37
47
40
36
42
40
36
40
43
38
39
44
41
38
41
37
34
44
40
36
50
46
41
49
44
41
46
39
36
45
37
36
48
40
40
47
38
41
47
38
41
51
42
44
55
44
46
55
44
46
51
40
41
46
36
36
52
40
40
52
40
38
54
41
39
54
41
39
53
41
37
54
42
38
58
46
42
61
50
42
69
58
50
65
54
46
71
60
52
76
66
57
61
50
42
66
55
47
118
107
99
148
137
129
110
99
92
68
57
49
100
90
81
132
121
113
117
108
99
95
87
77
95
87
77
149
140
131
193
184
175
173
164
155
166
156
148
176
165
158
186
174
168
190
176
170
173
158
155
162
147
144
168
153
150
178
163
160
158
143
127
150
135
116
150
135
114
158
141
120
168
152
127
177
160
133
183
165
136
185
166
134
195
176
143
195
175
140
185
165
128
183
162
124
187
167
127
190
171
129
187
168
123
190
169
124
191
169
126
191
167
125
188
164
123
187
161
117
184
157
112
182
155
109
186
158
109
186
158
104
180
151
94
167
139
79
182
154
92
200
174
110
192
169
104
185
164
96
199
178
110
209
186
118
184
160
95
149
122
63
150
118
64
144
107
55
137
97
42
126
87
22
157
118
42
223
186
99
238
200
105
231
194
88
224
187
83
223
186
82
228
190
89
233
194
95
229
190
92
221
183
86
230
192
95
232
195
97
229
194
95
236
203
103
240
208
106
231
200
97
228
197
94
223
190
93
223
190
93
224
192
94
224
192
93
223
191
92
230
198
98
237
205
105
240
208
108
241
209
107
240
209
106
51
58
86
47
54
81
45
52
78
45
53
76
43
52
72
34
43
63
26
35
55
32
41
61
29
38
58
26
35
57
25
32
57
24
31
58
22
28
56
16
25
50
12
26
45
23
35
55
32
43
63
35
44
64
34
42
65
36
42
65
36
42
67
34
41
66
32
41
65
25
37
61
22
36
62
23
39
65
27
44
70
26
42
70
16
34
65
29
49
80
37
59
91
23
46
82
43
67
106
90
115
156
112
140
181
96
123
167
88
115
159
86
112
155
79
104
146
76
101
143
86
111
151
97
122
172
91
116
166
77
101
151
75
98
148
89
111
162
106
126
174
75
94
142
74
90
139
67
83
130
62
77
125
70
82
130
92
104
152
92
104
152
98
111
157
97
111
153
85
99
139
68
80
120
59
71
111
67
77
115
71
79
116
71
77
113
67
71
106
60
62
96
59
60
94
67
66
98
70
69
100
68
66
96
59
63
85
57
64
81
57
64
80
55
61
76
52
58
71
49
54
65
46
50
61
41
43
54
47
47
59
52
51
66
52
49
66
49
43
63
48
41
62
49
41
64
47
48
62
41
42
56
40
42
54
45
47
58
50
52
63
50
52
63
47
46
61
46
45
62
47
45
64
48
45
68
51
46
73
52
47
76
51
45
76
48
43
71
47
43
67
50
45
68
50
45
66
50
44
62
51
43
59
53
46
61
53
46
60
48
43
55
40
38
50
39
39
53
42
44
58
41
45
60
36
41
58
44
45
57
43
44
54
39
40
50
40
39
49
39
38
48
40
39
48
42
40
49
36
33
42
37
33
39
39
35
41
44
40
46
50
45
50
50
44
49
46
40
45
41
37
42
42
38
43
42
38
43
40
36
41
38
34
39
41
37
42
44
40
45
43
39
44
43
39
44
42
38
43
38
34
39
38
34
39
41
37
42
45
40
48
46
40
51
43
37
47
40
36
42
41
36
41
43
39
39
44
41
39
42
38
34
45
41
36
51
47
42
49
44
41
46
39
36
45
37
36
48
40
40
47
38
40
47
38
41
51
43
44
55
44
46
55
44
46
51
40
41
46
36
36
53
41
41
52
40
38
54
41
39
54
41
39
53
41
38
55
43
39
59
47
42
62
51
43
71
60
52
66
55
47
72
61
53
79
68
60
63
52
44
66
55
47
121
110
102
154
143
135
115
104
96
71
60
52
104
93
85
136
125
117
120
111
102
98
90
79
98
89
79
152
143
134
198
189
180
178
169
160
170
160
152
178
166
160
186
174
168
191
177
171
174
159
156
164
149
146
169
154
151
179
164
161
157
142
125
149
134
115
150
135
114
160
143
122
170
154
129
178
161
135
184
167
138
186
166
135
196
176
143
195
175
139
186
165
128
183
162
124
188
167
127
191
171
129
188
168
123
191
170
125
192
170
127
192
168
126
189
165
123
187
162
118
183
157
112
181
154
108
186
158
108
186
158
105
180
151
94
167
139
78
183
154
92
201
175
111
193
170
104
185
164
97
200
179
111
210
187
119
184
160
95
149
121
62
150
117
63
144
107
55
137
97
42
126
87
22
157
118
41
223
185
99
238
200
106
231
194
89
224
187
83
223
186
82
228
189
89
232
193
95
229
190
92
221
183
86
230
192
96
231
195
97
229
195
96
237
204
104
240
209
106
231
200
97
228
198
95
223
190
93
223
190
93
224
192
94
224
192
93
223
191
92
231
199
99
238
206
106
240
208
108
241
210
108
240
209
106
53
60
88
46
54
80
41
49
75
40
48
71
38
47
68
31
40
60
25
34
54
30
40
59
28
37
57
26
35
57
26
34
58
26
33
60
23
30
58
20
29
54
18
32
51
23
36
55
28
41
60
32
42
63
33
42
64
34
41
64
35
43
66
35
43
68
32
42
66
27
39
64
26
40
66
26
43
68
27
45
71
28
46
73
22
40
71
35
55
87
41
62
96
24
47
84
40
66
105
85
111
154
105
133
175
91
119
163
86
114
158
90
116
160
86
112
154
81
106
148
83
108
149
102
127
177
93
117
167
76
100
149
71
94
143
83
104
154
103
123
171
83
101
150
80
95
144
74
89
137
67
81
129
63
76
124
77
89
137
85
96
144
99
111
156
100
113
154
86
100
139
67
79
118
61
71
111
69
79
116
71
79
115
68
75
110
63
68
102
57
60
93
59
60
92
66
66
97
68
68
98
65
64
94
57
61
83
55
62
79
55
62
78
53
60
74
51
57
70
48
53
64
46
49
60
41
43
54
47
47
59
51
50
65
51
48
65
48
42
62
47
39
61
47
39
62
45
47
61
41
42
56
41
42
54
46
47
59
51
52
63
50
52
63
47
47
60
46
45
60
46
44
63
48
45
67
50
46
71
51
46
74
48
43
72
46
40
68
47
42
65
51
46
68
52
46
67
50
44
62
50
42
58
51
45
58
51
45
57
46
42
53
39
38
49
39
39
52
42
44
58
40
44
59
34
39
55
42
43
55
43
44
54
40
41
51
40
39
49
40
39
48
41
39
49
43
40
48
37
35
43
38
34
40
39
36
41
45
40
46
50
44
49
49
43
48
46
40
45
41
37
42
41
37
42
40
36
41
40
36
41
40
36
41
41
38
42
42
39
44
43
39
44
43
39
44
41
37
42
38
34
39
38
34
39
40
36
41
43
38
46
43
37
48
41
36
45
39
35
41
40
35
39
43
38
38
45
41
39
43
39
36
46
42
37
51
47
42
50
44
40
45
38
36
45
37
36
48
40
40
47
38
40
48
38
40
51
41
43
54
43
45
54
43
45
50
40
41
47
37
37
54
42
42
53
41
39
55
43
41
56
44
41
55
42
39
56
44
40
61
49
44
61
50
42
71
60
52
66
55
47
69
58
50
76
65
57
66
55
47
72
61
53
124
113
105
160
149
141
137
126
118
100
89
81
108
97
89
122
111
103
111
102
93
99
90
80
95
86
76
139
130
120
187
178
168
174
164
156
170
160
152
178
166
159
186
173
168
191
177
171
179
164
160
169
154
151
171
156
153
177
161
158
163
147
129
153
137
116
153
138
115
164
148
124
174
157
131
179
162
135
184
166
137
183
164
131
190
171
136
190
170
133
184
163
126
185
163
125
189
168
128
191
170
129
186
166
121
189
168
123
191
169
125
191
168
125
190
165
122
189
163
119
186
158
113
181
153
106
181
152
102
184
155
102
188
159
101
177
148
88
188
158
96
200
173
109
195
171
105
194
172
104
208
186
117
210
187
119
186
161
97
157
129
70
150
118
64
144
107
56
139
100
46
125
85
22
151
111
37
217
179
93
236
197
104
230
193
90
225
187
84
223
185
84
227
189
89
232
192
95
230
190
93
223
185
89
229
191
95
228
191
94
230
196
97
242
210
109
240
209
106
228
197
92
228
198
94
221
188
91
222
190
92
225
192
94
223
191
92
222
190
91
231
199
99
237
206
106
238
206
106
238
206
104
238
206
103
56
63
90
46
53
80
37
44
70
33
41
65
32
40
61
27
36
56
23
33
51
28
37
56
27
36
56
27
35
57
29
36
60
29
36
63
27
34
61
26
35
60
26
41
60
23
38
57
24
38
57
29
40
62
31
42
64
31
39
62
34
43
67
36
46
70
32
43
67
30
43
69
31
47
73
30
48
74
27
47
72
31
52
79
30
50
80
44
65
97
46
68
104
25
50
88
37
64
105
79
106
150
94
123
167
85
114
159
85
114
158
96
124
168
97
125
167
88
114
156
80
105
147
110
135
185
95
119
169
75
98
148
66
88
137
73
95
143
100
120
168
96
112
161
87
102
151
85
99
148
74
87
135
55
67
115
57
67
115
75
85
133
100
111
156
103
115
155
88
100
138
66
77
115
63
72
110
74
83
119
72
80
114
65
71
105
58
63
96
53
57
88
58
60
90
64
66
96
66
66
95
61
62
90
54
59
79
52
59
76
53
60
75
52
58
73
50
56
68
47
52
63
44
48
59
41
43
54
47
47
59
51
50
64
50
47
64
47
41
62
45
38
60
45
37
60
44
45
59
42
42
56
43
43
55
48
48
60
52
53
64
51
52
62
47
47
59
46
46
58
46
44
61
47
45
65
50
47
69
49
44
71
45
40
67
43
37
64
47
41
64
53
47
69
55
49
68
51
45
61
49
42
56
49
43
55
49
43
54
44
40
51
39
38
48
40
40
52
43
45
57
39
43
57
32
37
51
39
41
52
42
43
53
42
43
53
42
41
50
42
41
50
42
41
50
44
42
48
39
37
43
40
36
42
41
37
42
45
41
46
49
44
49
48
42
47
45
39
44
42
38
43
39
35
40
38
34
39
40
36
41
43
39
44
42
38
43
41
37
42
44
40
45
42
38
43
40
36
41
37
33
38
37
33
38
40
36
41
41
36
43
39
33
44
38
33
42
37
33
39
39
34
36
42
37
38
45
41
39
46
42
38
48
44
39
51
47
42
50
44
39
45
38
35
46
38
37
50
42
42
48
40
41
49
38
40
51
40
42
52
41
43
53
43
43
51
41
41
50
38
38
57
45
43
55
42
40
58
45
43
59
47
44
57
45
41
59
47
43
63
52
47
61
50
42
72
61
53
65
54
46
65
54
46
73
62
54
70
59
51
80
69
61
129
118
110
169
158
150
169
158
150
142
131
123
114
103
95
102
91
83
99
89
80
101
92
82
92
83
73
120
111
101
170
161
152
168
158
150
171
160
152
177
166
159
186
172
166
192
178
172
185
171
165
177
163
158
174
159
156
175
158
155
172
155
135
158
143
119
158
143
117
171
155
128
179
162
135
181
164
135
184
166
135
180
161
127
183
163
128
183
162
126
182
161
123
187
165
127
192
170
129
191
169
128
184
163
118
186
165
120
189
167
122
191
168
123
191
166
122
192
165
121
190
161
116
181
152
104
174
143
93
182
152
97
199
169
111
192
163
101
195
164
101
200
171
107
198
173
107
206
183
116
219
197
126
211
188
119
188
162
98
169
140
81
150
119
65
144
108
57
144
104
51
124
84
22
144
102
30
210
169
85
232
193
102
230
192
91
225
187
86
224
185
86
227
188
90
231
191
95
230
190
94
226
188
94
228
190
94
223
186
89
233
199
100
250
218
116
240
210
106
224
195
87
229
199
93
219
186
89
223
190
93
226
193
95
223
191
92
220
188
89
231
199
99
237
205
105
234
202
102
233
202
100
234
203
100
56
63
90
46
53
80
37
44
70
33
41
65
32
40
61
27
36
56
23
33
51
28
37
56
27
36
56
27
35
57
29
36
60
29
36
63
27
34
61
26
35
60
26
41
60
23
38
57
24
38
57
29
40
62
31
42
64
31
39
62
34
43
67
36
46
70
32
43
67
30
43
69
31
47
73
30
48
74
27
47
72
31
52
79
30
50
80
44
65
97
46
68
104
25
50
88
37
64
105
79
106
150
94
123
167
85
114
159
85
114
158
96
124
168
97
125
167
88
114
156
80
105
147
110
135
185
95
119
169
75
98
148
66
88
137
73
95
143
100
120
168
96
112
161
87
102
151
85
99
148
74
87
135
55
67
115
57
67
115
75
85
133
100
111
156
103
115
155
88
100
138
66
77
115
63
72
110
74
83
119
72
80
114
65
71
105
58
63
96
53
57
88
58
60
90
64
66
96
66
66
95
61
62
90
54
59
79
52
59
76
53
60
75
52
58
73
50
56
68
47
52
63
44
48
59
41
43
54
47
47
59
51
50
64
50
47
64
47
41
62
45
38
60
45
37
60
44
45
59
42
42
56
43
43
55
48
48
60
52
53
64
51
52
62
47
47
59
46
46
58
46
44
61
47
45
65
50
47
69
49
44
71
45
40
67
43
37
64
47
41
64
53
47
69
55
49
68
51
45
61
49
42
56
49
43
55
49
43
54
44
40
51
39
38
48
40
40
52
43
45
57
39
43
57
32
37
51
39
41
52
42
43
53
42
43
53
42
41
50
42
41
50
42
41
50
44
42
48
39
37
43
40
36
42
41
37
42
45
41
46
49
44
49
48
42
47
45
39
44
42
38
43
39
35
40
38
34
39
40
36
41
43
39
44
42
38
43
41
37
42
44
40
45
42
38
43
40
36
41
37
33
38
37
33
38
40
36
41
41
36
43
39
33
44
38
33
42
37
33
39
39
34
36
42
37
38
45
41
39
46
42
38
48
44
39
51
47
42
50
44
39
45
38
35
46
38
37
50
42
42
48
40
41
49
38
40
51
40
42
52
41
43
53
43
43
51
41
41
50
38
38
57
45
43
55
42
40
58
45
43
59
47
44
57
45
41
59
47
43
63
52
47
61
50
42
72
61
53
65
54
46
65
54
46
73
62
54
70
59
51
80
69
61
129
118
110
169
158
150
169
158
150
142
131
123
114
103
95
102
91
83
99
89
80
101
92
82
92
83
73
120
111
101
170
161
152
168
158
150
171
160
152
177
166
159
186
172
166
192
178
172
185
171
165
177
163
158
174
159
156
175
158
155
172
155
135
158
143
119
158
143
117
171
155
128
179
162
135
181
164
135
184
166
135
180
161
127
183
163
128
183
162
126
182
161
123
187
165
127
192
170
129
191
169
128
184
163
118
186
165
120
189
167
122
191
168
123
191
166
122
192
165
121
190
161
116
181
152
104
174
143
93
182
152
97
199
169
111
192
163
101
195
164
101
200
171
107
198
173
107
206
183
116
219
197
126
211
188
119
188
162
98
169
140
81
150
119
65
144
108
57
144
104
51
124
84
22
144
102
30
210
169
85
232
193
102
230
192
91
225
187
86
224
185
86
227
188
90
231
191
95
230
190
94
226
188
94
228
190
94
223
186
89
233
199
100
250
218
116
240
210
106
224
195
87
229
199
93
219
186
89
223
190
93
226
193
95
223
191
92
220
188
89
231
199
99
237
205
105
234
202
102
233
202
100
234
203
100
49
56
84
41
48
74
33
40
65
31
38
62
32
41
62
33
43
61
33
42
61
30
41
58
27
36
55
24
32
54
26
34
58
30
37
62
34
41
68
35
45
69
30
47
66
24
40
59
24
38
58
32
45
67
39
51
73
40
51
73
36
46
70
31
42
66
28
41
67
30
44
71
34
51
77
32
52
78
27
48
74
29
50
79
18
41
71
15
38
70
16
41
76
20
47
85
52
81
123
89
119
163
93
124
168
85
115
161
86
117
162
97
127
171
99
128
171
87
115
156
72
100
141
117
143
190
101
124
172
81
104
152
66
88
136
61
82
130
81
99
148
80
97
146
59
74
123
66
79
128
66
77
124
44
55
103
36
43
92
52
59
108
82
90
134
87
96
134
77
86
123
65
73
110
68
76
113
78
87
121
70
77
110
58
63
95
52
56
87
49
53
83
57
59
89
61
64
92
60
62
90
58
59
86
51
57
76
49
56
71
49
56
71
48
55
69
47
53
65
45
50
61
44
48
59
44
46
57
46
46
58
47
46
61
48
45
62
48
42
62
46
38
61
45
37
60
43
44
58
44
44
58
46
46
58
50
50
61
52
54
63
52
54
62
51
52
61
51
51
62
51
48
62
51
48
64
53
49
69
53
47
70
46
40
66
42
36
62
44
39
62
51
44
66
53
47
65
50
43
58
47
40
52
45
40
50
46
41
49
44
41
47
41
40
48
41
43
52
42
45
55
37
42
53
31
37
49
33
35
45
38
39
49
40
41
50
41
40
49
42
41
50
44
44
51
46
45
51
40
38
44
42
38
43
43
39
44
43
39
44
44
39
43
44
39
41
44
39
41
49
44
46
42
37
40
40
35
38
44
39
41
47
42
45
43
38
40
41
36
39
46
41
44
44
40
42
42
37
40
40
35
37
40
35
37
41
36
38
39
33
40
36
31
40
36
31
40
35
31
37
37
32
34
40
36
36
45
41
38
47
43
39
48
44
39
51
45
40
50
44
39
49
42
39
51
43
41
55
46
45
56
45
47
53
42
44
48
37
39
48
37
39
52
41
42
57
46
46
60
49
49
64
52
50
62
50
48
66
54
51
70
58
54
67
55
51
68
56
52
76
65
60
83
73
65
79
67
59
77
66
58
81
70
62
76
65
57
90
79
71
108
98
90
108
97
89
113
102
94
124
113
104
143
132
124
126
115
107
103
92
84
93
83
75
109
100
90
112
103
93
121
112
102
156
147
137
149
138
130
144
134
126
171
160
152
189
175
169
196
182
176
194
180
174
188
174
168
183
167
162
176
160
156
182
168
144
166
152
124
160
145
116
170
153
125
179
162
132
185
167
136
191
172
139
186
166
131
182
162
126
181
160
124
186
163
126
192
169
131
194
172
131
191
169
127
189
168
123
187
165
120
185
162
117
185
161
117
190
163
119
194
166
122
200
171
125
203
172
124
196
164
113
197
167
111
208
176
117
197
164
103
196
164
100
204
175
109
202
176
110
203
178
109
210
185
115
208
185
116
190
164
101
166
137
79
143
111
59
144
107
58
148
108
58
122
81
21
132
90
20
199
157
76
229
188
100
228
189
92
225
187
88
224
185
88
228
187
93
233
192
99
237
196
103
236
198
104
225
187
92
221
184
88
235
201
101
252
222
118
238
209
102
219
190
81
228
199
92
222
189
92
226
193
96
228
195
97
222
190
91
216
184
85
226
194
94
232
200
100
228
196
96
226
195
93
227
196
93
49
56
83
40
47
74
32
39
64
31
38
62
32
41
62
34
44
62
34
44
62
31
41
59
27
36
55
24
32
54
26
34
58
31
38
63
35
42
69
36
46
71
31
48
67
24
40
59
24
39
58
32
46
67
40
52
74
41
52
75
36
46
70
30
42
66
28
41
67
30
45
71
34
52
78
32
52
78
27
48
75
28
49
79
17
40
70
12
35
67
13
39
74
20
47
85
54
83
125
90
120
165
93
124
169
85
115
162
87
118
163
97
127
172
99
128
172
87
115
157
71
99
140
118
144
191
101
124
172
82
105
153
66
88
136
60
81
129
79
97
146
79
95
144
56
71
120
64
77
126
65
76
124
43
53
101
33
40
89
49
56
105
80
87
132
85
94
132
76
85
122
65
73
110
69
77
114
79
87
121
70
76
109
58
63
94
52
55
86
49
53
82
57
59
89
61
64
92
60
62
90
58
59
86
51
57
76
49
56
71
49
56
71
48
55
68
47
53
65
45
50
61
44
48
59
44
46
57
46
46
58
47
46
60
48
45
62
48
42
62
46
39
61
45
37
60
43
44
58
44
45
58
47
47
59
50
51
61
53
54
63
52
54
62
51
53
62
52
52
63
51
49
63
52
49
64
54
49
69
53
47
70
47
40
66
43
36
61
44
38
61
51
44
66
53
47
64
50
43
58
46
40
52
45
39
50
46
41
48
44
41
47
41
40
49
41
43
52
42
45
55
37
42
53
31
37
49
32
34
45
38
39
49
40
42
50
41
40
49
43
42
51
45
44
51
47
45
51
40
38
44
42
38
43
43
39
44
43
39
44
44
39
42
44
39
41
44
39
41
49
44
46
43
38
40
41
36
38
45
40
42
48
43
45
43
38
40
41
36
38
47
42
44
45
40
42
43
38
40
40
35
37
40
35
37
41
36
38
39
33
39
36
30
40
36
31
40
35
31
37
37
32
34
40
36
36
45
40
38
48
43
39
48
44
39
51
45
40
50
44
39
49
42
39
52
44
41
56
46
45
57
46
48
53
42
44
48
37
39
48
37
39
52
41
42
58
47
47
62
50
50
65
53
51
63
51
49
68
55
52
71
59
55
68
56
52
69
57
53
78
66
61
86
75
67
79
68
60
78
67
59
83
72
64
77
66
58
93
82
74
112
101
93
106
95
87
107
96
88
119
108
100
143
132
124
128
117
109
103
92
84
93
83
74
110
101
91
115
106
96
122
113
103
155
145
136
147
136
128
142
131
123
170
159
151
189
176
169
197
183
177
195
181
175
190
175
169
184
168
163
177
160
157
184
169
145
167
153
125
160
145
116
169
153
124
179
162
132
185
167
136
191
172
140
186
167
132
182
162
126
181
159
123
186
164
126
193
170
132
194
172
131
191
169
127
190
169
124
188
166
121
185
162
117
185
160
116
190
163
119
194
166
122
201
172
126
206
175
127
199
167
115
199
169
113
209
177
118
198
164
103
196
164
100
204
175
110
203
177
110
203
178
108
209
184
114
208
185
116
191
165
101
166
137
79
143
110
59
144
107
58
149
109
59
122
81
21
131
89
20
197
155
76
228
188
100
228
189
92
226
187
89
225
185
88
228
187
93
233
192
99
237
196
104
237
199
105
225
187
92
221
184
87
236
202
101
253
223
119
237
209
101
219
190
81
229
199
92
222
189
92
226
193
96
228
196
97
222
190
91
216
184
85
226
194
94
232
200
100
228
196
96
225
194
92
227
196
93
46
53
80
40
47
73
34
41
66
32
40
64
34
42
63
35
45
63
35
45
63
31
41
59
27
37
56
25
33
55
27
34
59
31
38
63
36
43
70
36
46
70
30
48
66
25
42
60
26
41
61
33
47
69
41
53
75
42
54
76
35
46
70
28
40
64
27
40
66
28
44
70
30
49
74
28
49
75
24
46
72
21
43
72
11
35
65
8
32
64
10
36
71
22
51
89
60
90
132
92
123
167
93
124
170
83
114
161
84
115
161
93
123
168
92
122
166
82
111
152
73
101
142
121
145
193
107
130
178
89
112
160
72
94
143
62
82
130
72
89
137
66
82
131
45
59
108
51
64
112
58
69
117
47
56
104
38
45
94
47
53
102
73
80
125
79
88
125
72
80
117
64
72
108
70
77
113
77
85
118
67
73
106
55
60
91
50
53
84
48
52
81
55
58
87
59
62
89
57
60
87
57
59
85
51
57
76
49
56
71
48
55
70
47
54
67
46
52
63
45
49
60
44
48
58
44
47
58
44
44
57
44
43
58
47
43
61
49
43
63
48
40
63
47
39
62
42
43
58
45
46
59
49
49
60
51
52
62
52
54
62
52
54
62
52
54
62
54
53
64
52
50
63
52
49
64
54
50
70
54
48
70
48
41
66
43
36
61
44
38
61
49
43
64
51
44
62
48
41
55
45
38
50
44
38
48
44
40
47
43
41
46
41
40
47
40
42
49
40
43
52
35
40
51
31
37
48
32
34
44
37
38
48
39
41
49
39
38
47
40
39
48
42
42
49
44
43
49
39
37
43
41
37
43
42
38
43
41
37
41
41
36
39
42
37
39
44
39
41
48
43
45
43
38
40
41
36
38
44
39
41
47
42
44
43
38
40
42
37
39
47
42
44
45
40
42
43
38
40
41
36
38
41
36
38
41
36
38
39
34
40
37
32
42
37
32
42
37
32
38
38
33
35
41
36
36
45
41
39
48
44
39
48
44
39
50
44
39
50
44
39
51
44
40
52
44
41
54
45
43
55
44
46
52
41
43
48
37
39
49
38
40
54
43
44
60
48
48
62
50
50
66
54
52
64
52
50
70
57
54
74
62
58
70
58
54
71
58
54
79
66
62
80
69
61
72
61
53
73
62
54
79
68
60
71
61
52
88
77
69
115
104
96
119
108
100
107
96
88
105
94
86
134
123
115
143
132
124
134
123
115
121
111
102
134
125
115
142
133
123
144
135
125
171
161
152
157
146
138
148
137
129
173
162
154
192
179
172
199
185
180
196
182
176
191
176
170
186
169
164
180
163
159
185
171
145
172
158
128
165
151
121
172
156
126
180
163
132
186
168
137
192
173
140
189
169
134
184
163
127
183
161
125
188
165
128
194
171
133
194
172
132
192
169
128
193
172
127
191
168
123
188
164
119
186
161
117
190
163
119
194
165
121
198
167
122
200
169
121
198
166
114
199
168
112
204
172
113
195
162
100
198
165
101
208
178
113
205
178
112
199
174
104
205
180
110
211
187
118
192
166
102
158
129
71
137
105
53
142
104
56
148
108
58
121
80
21
130
87
19
198
155
76
231
190
103
229
190
93
227
187
90
226
186
89
228
187
94
233
192
100
238
197
105
239
201
108
225
187
92
224
187
90
235
201
100
249
219
114
236
207
99
219
191
81
228
199
91
224
191
95
226
193
96
227
194
96
222
190
91
217
185
86
226
194
94
231
199
99
227
195
95
225
194
92
228
197
94
42
49
76
39
46
73
36
43
68
35
43
66
36
44
65
37
47
65
37
47
65
32
42
60
29
38
57
26
35
57
28
36
60
33
40
65
36
43
70
35
47
71
29
49
67
26
44
63
30
45
66
36
50
72
42
55
77
44
56
79
34
46
70
25
39
62
25
40
65
25
42
68
24
45
70
23
44
70
21
43
69
10
33
62
2
27
57
3
28
60
5
31
68
27
56
95
70
102
144
96
128
172
93
126
172
80
113
159
79
112
158
85
116
161
82
112
156
75
104
146
75
105
146
125
148
196
115
138
186
102
124
172
82
104
152
64
85
133
59
77
125
48
63
110
28
41
89
32
44
92
48
59
107
53
60
109
45
52
101
44
49
98
63
70
114
71
79
116
66
74
111
64
70
106
71
77
112
74
81
114
63
68
100
51
56
87
47
51
80
46
50
78
53
57
84
56
60
85
55
59
84
55
59
84
52
58
75
49
56
71
47
54
68
45
52
65
44
50
61
44
49
59
43
48
57
46
48
59
42
42
55
41
40
55
45
41
59
50
44
65
51
43
66
49
41
64
42
43
57
47
47
61
51
52
63
52
53
63
51
53
61
52
54
62
54
56
64
57
56
65
53
52
63
53
51
65
56
52
70
57
50
71
50
41
65
45
37
62
45
38
60
47
40
60
48
40
57
46
39
51
43
37
47
43
37
45
43
39
45
43
41
45
40
40
46
38
41
46
36
40
48
33
38
48
30
36
47
31
34
42
37
39
47
38
39
47
36
35
44
37
36
45
39
39
46
41
39
45
36
34
40
40
36
41
41
37
42
38
34
38
37
32
34
39
34
36
44
39
41
46
41
43
42
37
39
41
36
38
43
38
40
46
41
43
44
39
41
44
39
41
48
43
45
46
41
43
44
39
41
43
38
40
42
37
39
42
37
39
40
35
41
40
34
44
40
35
44
40
34
39
39
34
36
41
37
37
46
42
40
49
45
40
47
43
38
48
42
37
50
44
40
52
45
42
53
45
42
52
43
40
53
42
43
51
40
42
49
38
40
52
41
42
57
46
46
62
50
50
64
52
50
68
56
54
67
54
52
73
61
57
78
66
62
74
62
58
75
60
57
82
67
63
71
60
52
62
51
43
66
55
47
74
63
55
63
52
44
81
70
62
120
109
101
139
128
120
108
97
89
84
73
65
120
109
101
167
156
148
183
172
164
164
154
145
171
162
152
184
175
165
180
171
161
196
186
176
172
162
153
157
146
138
179
167
159
196
183
175
204
190
184
199
184
178
193
177
171
188
172
166
185
169
163
187
174
146
178
165
133
173
159
127
176
161
129
182
166
133
188
171
138
193
175
140
193
173
138
186
166
129
185
163
126
190
168
130
195
172
134
194
171
133
193
170
131
199
177
132
196
173
128
192
168
123
189
164
120
190
163
119
194
164
120
193
161
116
192
159
112
197
165
114
199
166
111
198
164
105
191
158
95
202
167
103
214
184
118
208
181
114
194
169
99
200
175
105
216
191
122
195
169
105
145
116
58
128
96
45
139
101
53
147
107
57
119
78
21
128
85
19
198
155
78
235
194
108
231
191
96
229
189
93
227
187
92
229
188
95
234
193
101
240
199
107
243
204
112
225
187
92
228
191
95
235
201
100
243
213
107
234
205
96
221
193
82
227
199
89
228
195
98
226
193
96
225
193
95
223
191
92
219
187
88
226
194
94
231
199
99
226
194
94
225
194
92
230
199
96
42
49
76
39
46
73
36
43
68
35
43
66
36
44
65
37
47
65
37
47
65
32
42
60
29
38
57
26
35
57
28
36
60
33
40
65
36
43
70
35
47
71
29
49
67
26
44
63
30
45
66
36
50
72
42
55
77
44
56
79
34
46
70
25
39
62
25
40
65
25
42
68
24
45
70
23
44
70
21
43
69
10
33
62
2
27
57
3
28
60
5
31
68
27
56
95
70
102
144
96
128
172
93
126
172
80
113
159
79
112
158
85
116
161
82
112
156
75
104
146
75
105
146
125
148
196
115
138
186
102
124
172
82
104
152
64
85
133
59
77
125
48
63
110
28
41
89
32
44
92
48
59
107
53
60
109
45
52
101
44
49
98
63
70
114
71
79
116
66
74
111
64
70
106
71
77
112
74
81
114
63
68
100
51
56
87
47
51
80
46
50
78
53
57
84
56
60
85
55
59
84
55
59
84
52
58
75
49
56
71
47
54
68
45
52
65
44
50
61
44
49
59
43
48
57
46
48
59
42
42
55
41
40
55
45
41
59
50
44
65
51
43
66
49
41
64
42
43
57
47
47
61
51
52
63
52
53
63
51
53
61
52
54
62
54
56
64
57
56
65
53
52
63
53
51
65
56
52
70
57
50
71
50
41
65
45
37
62
45
38
60
47
40
60
48
40
57
46
39
51
43
37
47
43
37
45
43
39
45
43
41
45
40
40
46
38
41
46
36
40
48
33
38
48
30
36
47
31
34
42
37
39
47
38
39
47
36
35
44
37
36
45
39
39
46
41
39
45
36
34
40
40
36
41
41
37
42
38
34
38
37
32
34
39
34
36
44
39
41
46
41
43
42
37
39
41
36
38
43
38
40
46
41
43
44
39
41
44
39
41
48
43
45
46
41
43
44
39
41
43
38
40
42
37
39
42
37
39
40
35
41
40
34
44
40
35
44
40
34
39
39
34
36
41
37
37
46
42
40
49
45
40
47
43
38
48
42
37
50
44
40
52
45
42
53
45
42
52
43
40
53
42
43
51
40
42
49
38
40
52
41
42
57
46
46
62
50
50
64
52
50
68
56
54
67
54
52
73
61
57
78
66
62
74
62
58
75
60
57
82
67
63
71
60
52
62
51
43
66
55
47
74
63
55
63
52
44
81
70
62
120
109
101
139
128
120
108
97
89
84
73
65
120
109
101
167
156
148
183
172
164
164
154
145
171
162
152
184
175
165
180
171
161
196
186
176
172
162
153
157
146
138
179
167
159
196
183
175
204
190
184
199
184
178
193
177
171
188
172
166
185
169
163
187
174
146
178
165
133
173
159
127
176
161
129
182
166
133
188
171
138
193
175
140
193
173
138
186
166
129
185
163
126
190
168
130
195
172
134
194
171
133
193
170
131
199
177
132
196
173
128
192
168
123
189
164
120
190
163
119
194
164
120
193
161
116
192
159
112
197
165
114
199
166
111
198
164
105
191
158
95
202
167
103
214
184
118
208
181
114
194
169
99
200
175
105
216
191
122
195
169
105
145
116
58
128
96
45
139
101
53
147
107
57
119
78
21
128
85
19
198
155
78
235
194
108
231
191
96
229
189
93
227
187
92
229
188
95
234
193
101
240
199
107
243
204
112
225
187
92
228
191
95
235
201
100
243
213
107
234
205
96
221
193
82
227
199
89
228
195
98
226
193
96
225
193
95
223
191
92
219
187
88
226
194
94
231
199
99
226
194
94
225
194
92
230
199
96
36
43
70
38
45
71
38
45
70
36
44
67
32
41
62
29
39
57
28
38
56
29
39
57
30
39
58
32
40
62
35
42
67
36
43
68
33
40
67
31
42
66
31
50
69
31
49
68
31
48
69
31
45
67
27
41
63
26
38
61
26
39
63
29
43
68
29
44
70
26
43
69
18
39
64
14
36
62
15
38
64
17
42
71
40
66
96
69
96
128
66
94
131
69
98
138
86
116
159
84
117
162
72
105
151
63
96
143
74
107
153
86
118
164
78
110
154
74
104
145
87
117
158
117
140
188
111
135
182
99
122
168
82
103
150
69
89
136
61
79
127
44
60
107
34
47
95
35
47
95
55
63
112
62
69
118
53
59
108
40
44
93
60
66
110
75
81
118
69
75
111
64
70
105
66
72
106
67
72
104
57
62
93
48
54
83
45
49
78
44
48
76
50
54
80
52
56
81
52
56
81
56
60
84
54
60
77
50
57
72
46
54
68
44
51
63
43
49
60
43
48
58
42
47
56
46
48
59
39
39
52
37
36
50
43
40
57
52
46
66
55
47
69
52
44
67
41
42
56
48
49
62
53
54
65
52
53
62
50
51
59
51
54
59
55
55
62
53
52
60
49
48
58
49
47
60
53
48
65
53
47
66
47
39
61
45
37
60
47
39
61
44
38
57
43
35
52
42
35
47
43
35
45
42
36
43
42
38
43
41
39
43
37
37
42
32
35
41
29
33
41
28
34
43
29
36
46
33
36
45
39
41
49
37
39
47
31
30
39
29
28
36
31
31
37
33
31
37
32
30
35
38
34
39
39
35
39
34
31
33
32
28
30
36
31
33
44
39
41
37
32
34
38
33
35
39
34
36
40
35
37
43
38
40
45
40
42
47
42
44
48
43
45
47
42
44
45
40
42
45
40
42
43
38
40
42
37
39
43
37
44
46
40
50
46
42
49
45
40
45
42
38
39
44
39
40
49
44
42
51
46
42
49
43
39
47
41
36
50
44
39
52
45
41
49
40
37
43
34
31
41
31
32
45
33
35
53
42
43
59
49
50
63
52
52
62
49
49
57
45
44
62
50
48
61
48
46
68
56
52
74
62
58
69
57
53
69
55
51
78
64
58
82
72
63
87
75
68
90
79
71
97
86
78
95
84
76
101
90
82
125
114
106
156
145
137
157
146
138
151
140
132
167
156
148
174
163
155
184
173
165
188
178
169
207
198
188
207
198
188
189
180
170
200
190
179
178
168
158
171
160
153
184
172
164
196
183
175
203
189
183
193
179
173
186
170
164
185
170
164
189
172
166
195
181
153
196
182
150
195
180
147
191
176
143
187
171
138
185
169
134
185
166
131
189
170
133
185
165
128
185
163
126
190
167
129
193
171
133
193
170
132
193
168
129
191
169
124
194
171
126
196
171
127
194
170
126
193
166
122
191
162
117
193
161
116
199
166
118
199
165
114
197
163
108
205
171
112
203
168
105
204
169
105
208
177
111
208
181
114
209
183
114
216
191
121
226
201
132
200
174
110
146
117
59
123
91
40
131
95
48
142
102
53
117
74
19
130
87
20
204
162
84
246
203
119
236
196
101
232
192
96
230
189
96
229
188
96
233
191
101
239
197
107
242
203
111
226
188
94
235
198
102
233
199
98
232
202
95
231
202
93
223
196
82
226
197
87
231
198
101
224
191
94
222
190
91
223
191
92
225
193
94
231
199
99
232
200
100
227
195
95
229
198
96
238
206
104
35
42
69
38
45
71
39
46
71
36
44
68
32
41
62
28
38
56
27
37
55
29
39
57
30
39
58
33
41
63
36
44
68
36
43
68
32
39
66
30
42
66
31
51
69
32
50
69
31
48
69
30
44
66
26
39
61
23
36
59
25
38
62
30
43
68
30
45
71
26
43
69
17
38
63
13
35
61
15
38
64
18
43
72
45
71
101
78
106
137
75
103
139
75
104
144
88
118
162
83
115
161
69
102
148
61
94
140
74
107
153
86
119
164
78
110
153
73
104
146
88
118
159
116
139
187
111
134
182
98
122
168
82
103
150
70
90
137
62
80
127
44
59
107
35
48
96
36
47
95
56
64
113
64
71
120
55
60
109
39
44
93
60
66
110
76
82
119
69
75
111
64
70
105
65
71
106
66
71
103
56
61
92
48
53
83
45
49
78
44
48
76
49
54
79
52
56
81
52
56
80
57
61
85
54
60
77
50
57
72
46
54
67
44
51
63
43
49
60
43
48
58
42
47
56
46
48
59
39
39
51
36
35
50
43
39
57
52
46
66
55
47
70
52
44
67
41
42
56
49
49
62
54
54
65
52
54
62
49
51
59
51
54
59
55
55
61
52
52
59
49
48
57
49
46
60
53
48
64
53
47
66
47
39
61
45
37
60
47
39
61
44
38
57
42
34
52
41
34
47
43
35
45
42
36
43
42
38
43
41
39
43
36
37
41
31
34
40
28
32
40
27
33
42
29
36
46
34
37
45
40
42
50
38
39
47
30
29
38
28
28
35
30
30
36
32
30
36
31
30
34
38
34
39
39
35
39
34
31
33
32
27
29
36
31
33
44
39
41
36
31
33
37
32
34
39
34
36
40
35
37
43
38
40
45
40
42
48
43
45
49
44
46
47
42
44
45
40
42
45
40
42
44
39
41
42
37
39
43
38
44
47
41
51
47
43
49
46
40
45
43
38
40
44
40
40
49
45
43
51
46
42
49
44
39
47
41
36
50
44
39
52
45
41
49
40
37
42
33
30
40
29
30
44
33
35
53
42
44
61
50
51
64
53
53
62
50
50
57
45
43
61
49
47
60
48
45
68
56
52
74
62
58
68
56
52
69
54
51
78
64
58
84
73
65
90
79
71
93
82
74
100
89
81
99
88
80
104
93
85
125
114
106
158
147
139
163
152
144
160
149
141
174
163
155
175
164
156
184
173
165
191
181
172
212
203
193
210
201
191
190
181
171
200
190
180
179
169
159
174
163
155
185
173
165
196
183
175
203
189
183
193
178
172
185
169
163
185
169
163
189
173
167
196
183
154
198
185
153
198
183
150
193
178
145
188
172
139
185
169
133
184
165
130
189
170
133
185
165
128
185
163
126
190
167
129
194
171
133
193
170
132
193
168
129
191
168
123
193
170
125
196
172
128
195
170
126
193
166
122
191
161
117
193
161
116
200
167
119
199
166
114
196
163
108
206
172
113
205
170
107
204
169
105
207
176
111
208
181
114
212
185
116
218
193
123
227
202
134
201
175
111
146
117
60
123
91
40
130
94
48
141
101
52
116
74
19
130
87
20
205
162
85
248
204
121
237
196
102
233
192
97
230
189
97
229
188
96
233
191
101
239
197
108
242
203
111
227
189
94
236
199
103
232
198
98
231
200
94
230
201
92
223
196
83
226
197
87
231
198
101
224
191
94
222
189
91
224
192
93
226
194
95
231
199
99
233
201
101
227
195
95
230
198
96
239
208
105
36
46
71
39
48
73
37
46
70
32
42
65
30
41
62
31
42
61
32
43
62
33
45
63
33
44
63
31
42
63
35
46
67
43
53
75
42
52
75
38
51
73
38
56
75
37
53
73
37
52
74
39
52
75
36
49
73
36
49
73
38
51
77
39
52
80
34
50
79
37
56
85
46
68
98
45
70
100
42
68
98
44
70
103
70
96
130
99
126
160
89
117
154
82
110
149
93
122
162
98
129
170
88
119
160
81
112
154
82
113
155
85
115
158
83
112
154
84
113
154
94
122
163
114
139
184
113
137
182
98
122
167
79
100
147
69
89
136
61
78
125
43
58
105
37
50
97
39
50
96
54
62
108
60
67
112
54
60
104
46
51
94
61
66
106
72
78
112
69
75
108
65
70
103
64
68
100
62
64
94
54
57
85
48
51
79
45
48
75
46
48
75
49
52
78
50
53
80
50
53
80
52
56
83
51
55
74
50
54
69
46
51
65
43
47
61
42
46
58
43
47
57
43
46
56
48
49
59
43
43
54
41
40
52
45
42
55
51
47
61
54
48
64
53
46
63
46
46
60
49
49
62
52
51
64
51
52
63
51
52
62
52
54
62
53
54
63
50
50
60
47
47
58
47
46
60
50
48
64
49
46
64
41
38
57
39
36
54
41
40
55
39
38
51
38
35
49
39
35
46
41
36
46
41
36
43
42
37
44
42
38
44
39
37
42
37
37
41
35
36
41
33
37
41
33
38
42
37
37
43
41
40
46
40
39
45
34
33
38
32
31
35
34
35
37
37
37
38
33
33
34
40
37
38
43
39
40
39
36
35
38
32
32
42
35
34
47
40
40
40
33
36
42
35
38
44
38
41
46
39
44
46
40
45
45
38
45
45
38
45
46
40
46
46
40
45
48
42
47
48
42
46
46
40
43
45
39
41
47
42
46
49
45
50
49
45
49
47
42
44
41
36
37
40
35
35
43
38
37
46
40
37
47
41
38
49
42
39
53
45
42
56
47
44
54
44
42
48
38
36
48
36
37
49
37
39
54
41
43
58
46
47
63
51
51
69
57
56
77
65
62
79
67
64
82
70
66
90
78
73
98
87
81
103
91
85
106
93
88
110
98
90
117
106
98
126
116
107
127
116
108
131
121
112
140
129
121
148
137
128
157
147
137
171
161
151
170
160
150
166
156
146
175
165
155
177
166
156
184
173
163
188
180
166
201
194
178
198
191
176
181
174
160
193
184
173
183
173
164
179
167
160
185
173
166
193
180
174
198
184
179
189
173
169
181
165
159
182
166
160
188
172
166
198
181
154
199
181
152
197
178
148
192
174
143
190
171
140
187
167
134
184
164
129
185
165
130
184
164
128
186
164
128
189
167
129
191
168
130
190
168
130
191
167
128
192
169
124
194
171
126
196
172
128
194
169
126
192
165
122
190
161
118
192
161
117
198
166
118
199
166
114
198
166
109
204
172
110
204
172
105
203
172
103
208
178
109
210
181
113
213
185
114
216
191
118
219
196
124
200
175
109
150
121
64
121
88
41
124
88
46
135
95
52
114
72
21
127
85
22
207
166
88
246
205
119
235
197
102
229
191
96
225
187
94
225
186
95
228
189
100
233
193
106
235
197
108
228
191
99
231
195
101
228
194
96
229
198
95
232
203
96
226
198
86
224
195
86
230
198
98
225
193
93
224
192
93
223
190
92
226
193
96
233
200
104
233
199
104
228
195
100
232
198
103
239
206
109
38
52
74
40
54
76
34
48
70
25
39
61
27
41
63
35
50
69
39
54
73
40
55
74
38
53
72
29
45
62
34
50
67
55
71
88
58
74
91
51
66
85
51
64
86
44
57
79
47
59
83
55
65
89
55
66
93
59
70
99
61
73
104
54
68
101
42
60
93
55
77
112
95
120
156
100
129
164
90
119
156
89
115
156
113
138
180
135
161
201
114
140
179
94
121
157
102
130
164
124
152
186
119
147
181
114
142
176
97
125
161
84
111
149
91
117
157
103
128
169
104
129
171
111
138
179
116
141
184
98
122
166
75
96
142
68
87
134
60
76
123
42
56
103
41
54
99
45
54
98
52
58
100
55
62
100
55
61
96
58
63
96
62
67
99
67
71
102
70
74
104
69
71
101
62
63
91
55
54
79
51
51
75
48
48
72
47
47
71
49
48
74
48
49
77
47
49
79
46
50
79
45
49
80
47
48
68
49
49
65
45
45
61
41
41
56
42
42
56
45
45
57
45
43
55
51
50
60
51
50
59
50
48
56
49
47
53
50
48
53
52
49
54
55
51
56
54
51
66
51
48
63
50
47
62
51
50
64
53
53
67
54
54
68
50
51
65
46
47
61
44
44
59
43
45
60
45
48
63
42
45
60
32
35
50
29
36
45
31
41
44
31
38
42
33
36
44
35
36
46
38
36
47
39
35
46
43
36
47
44
36
47
44
38
43
46
41
43
45
43
41
44
44
39
40
42
34
42
39
38
44
39
40
44
40
40
40
38
37
38
38
35
41
42
38
46
48
42
38
40
34
44
44
38
49
46
41
49
44
39
49
41
37
51
41
37
54
43
39
46
37
40
50
40
44
54
45
51
56
47
56
53
44
55
44
35
48
40
30
46
43
33
48
45
37
49
52
44
54
54
47
54
50
43
47
50
43
46
53
48
49
53
51
50
54
50
49
49
45
44
38
34
33
33
28
27
33
27
26
38
30
30
45
37
37
53
44
44
58
48
48
63
51
51
63
51
51
59
47
47
61
47
49
58
44
46
55
41
42
54
40
41
60
46
47
82
69
68
110
98
94
109
97
93
119
107
101
127
115
109
141
130
122
161
151
141
170
160
150
164
154
144
171
160
152
188
178
169
184
174
164
184
174
164
209
199
189
223
213
202
210
201
188
194
185
172
182
173
160
178
169
155
178
169
155
179
170
156
183
174
160
182
177
157
183
180
155
178
174
150
167
162
142
182
174
160
190
180
171
188
176
171
185
173
169
189
174
172
191
176
174
182
166
163
175
158
154
177
161
155
186
170
164
201
177
154
201
176
150
196
171
145
192
167
141
193
169
141
190
166
137
184
161
129
180
157
124
184
162
127
187
165
130
187
165
129
186
165
127
186
165
127
188
167
127
194
171
126
195
172
128
196
171
129
193
167
127
191
162
123
189
160
121
191
161
119
195
163
116
199
168
115
202
172
113
201
174
107
202
175
102
202
176
100
210
180
108
213
181
111
215
186
112
214
188
111
207
185
108
198
175
106
155
127
72
117
85
43
114
77
44
126
85
51
110
67
26
123
82
26
211
172
94
244
208
117
233
199
103
224
191
94
217
183
90
217
183
91
222
185
98
225
188
103
225
188
103
231
194
108
224
189
98
221
187
92
228
195
96
237
206
102
230
201
93
220
191
83
228
198
93
227
196
93
228
197
96
221
189
91
226
192
98
237
201
112
233
197
109
231
194
108
236
199
114
240
204
117
38
52
74
40
54
76
34
48
70
25
39
61
27
41
63
35
50
69
39
54
73
40
55
74
38
53
72
29
45
62
34
50
67
55
71
88
58
74
91
51
66
85
51
64
86
44
57
79
47
59
83
55
65
89
55
66
93
59
70
99
61
73
104
54
68
101
42
60
93
55
77
112
95
120
156
100
129
164
90
119
156
89
115
156
113
138
180
135
161
201
114
140
179
94
121
157
102
130
164
124
152
186
119
147
181
114
142
176
97
125
161
84
111
149
91
117
157
103
128
169
104
129
171
111
138
179
116
141
184
98
122
166
75
96
142
68
87
134
60
76
123
42
56
103
41
54
99
45
54
98
52
58
100
55
62
100
55
61
96
58
63
96
62
67
99
67
71
102
70
74
104
69
71
101
62
63
91
55
54
79
51
51
75
48
48
72
47
47
71
49
48
74
48
49
77
47
49
79
46
50
79
45
49
80
47
48
68
49
49
65
45
45
61
41
41
56
42
42
56
45
45
57
45
43
55
51
50
60
51
50
59
50
48
56
49
47
53
50
48
53
52
49
54
55
51
56
54
51
66
51
48
63
50
47
62
51
50
64
53
53
67
54
54
68
50
51
65
46
47
61
44
44
59
43
45
60
45
48
63
42
45
60
32
35
50
29
36
45
31
41
44
31
38
42
33
36
44
35
36
46
38
36
47
39
35
46
43
36
47
44
36
47
44
38
43
46
41
43
45
43
41
44
44
39
40
42
34
42
39
38
44
39
40
44
40
40
40
38
37
38
38
35
41
42
38
46
48
42
38
40
34
44
44
38
49
46
41
49
44
39
49
41
37
51
41
37
54
43
39
46
37
40
50
40
44
54
45
51
56
47
56
53
44
55
44
35
48
40
30
46
43
33
48
45
37
49
52
44
54
54
47
54
50
43
47
50
43
46
53
48
49
53
51
50
54
50
49
49
45
44
38
34
33
33
28
27
33
27
26
38
30
30
45
37
37
53
44
44
58
48
48
63
51
51
63
51
51
59
47
47
61
47
49
58
44
46
55
41
42
54
40
41
60
46
47
82
69
68
110
98
94
109
97
93
119
107
101
127
115
109
141
130
122
161
151
141
170
160
150
164
154
144
171
160
152
188
178
169
184
174
164
184
174
164
209
199
189
223
213
202
210
201
188
194
185
172
182
173
160
178
169
155
178
169
155
179
170
156
183
174
160
182
177
157
183
180
155
178
174
150
167
162
142
182
174
160
190
180
171
188
176
171
185
173
169
189
174
172
191
176
174
182
166
163
175
158
154
177
161
155
186
170
164
201
177
154
201
176
150
196
171
145
192
167
141
193
169
141
190
166
137
184
161
129
180
157
124
184
162
127
187
165
130
187
165
129
186
165
127
186
165
127
188
167
127
194
171
126
195
172
128
196
171
129
193
167
127
191
162
123
189
160
121
191
161
119
195
163
116
199
168
115
202
172
113
201
174
107
202
175
102
202
176
100
210
180
108
213
181
111
215
186
112
214
188
111
207
185
108
198
175
106
155
127
72
117
85
43
114
77
44
126
85
51
110
67
26
123
82
26
211
172
94
244
208
117
233
199
103
224
191
94
217
183
90
217
183
91
222
185
98
225
188
103
225
188
103
231
194
108
224
189
98
221
187
92
228
195
96
237
206
102
230
201
93
220
191
83
228
198
93
227
196
93
228
197
96
221
189
91
226
192
98
237
201
112
233
197
109
231
194
108
236
199
114
240
204
117
43
57
79
38
52
74
33
47
69
35
49
71
44
58
80
45
60
79
37
52
72
36
51
70
40
55
74
39
55
72
44
60
77
60
76
93
68
84
101
66
81
100
61
74
95
50
63
85
45
57
81
43
55
79
46
57
84
56
67
96
59
71
102
59
73
106
66
84
117
91
113
148
128
153
189
123
152
188
104
133
170
92
118
159
104
129
171
122
149
189
108
135
172
82
109
146
81
109
143
104
131
166
124
152
186
112
140
174
93
121
157
83
110
147
87
113
152
103
128
169
117
142
184
121
147
189
118
143
186
89
113
157
53
75
120
42
60
107
45
62
109
44
59
105
41
53
99
42
51
94
46
53
94
49
56
94
51
57
92
59
64
97
66
70
103
71
74
104
72
75
105
69
71
100
62
63
90
54
52
78
50
47
72
46
44
69
46
43
68
45
44
70
45
46
73
44
47
76
44
47
76
43
47
77
43
44
64
45
45
61
44
43
59
41
40
56
42
42
56
46
44
57
45
43
54
51
50
60
53
51
60
53
51
59
53
51
57
53
50
55
53
49
54
53
49
54
53
51
64
51
49
61
50
48
60
51
50
64
51
51
65
50
50
64
45
46
60
44
45
60
52
52
67
52
53
69
43
46
61
35
38
53
35
38
53
35
41
51
33
42
46
32
39
45
33
35
45
35
36
46
38
36
47
39
34
46
43
36
47
45
37
47
45
38
45
48
43
46
48
46
45
45
44
42
40
41
35
39
36
36
42
37
39
44
39
41
40
39
39
38
38
37
39
40
36
41
42
38
39
40
36
42
41
35
43
39
34
43
37
32
44
36
32
47
38
34
51
39
37
46
37
40
46
37
41
47
37
43
47
38
45
48
39
49
49
41
52
49
40
52
44
36
47
45
37
47
47
40
48
46
38
44
42
35
39
46
39
42
50
45
45
48
45
42
46
43
39
44
41
37
44
39
37
45
40
37
47
41
38
56
49
46
62
54
51
62
53
50
57
45
43
54
42
40
53
41
39
51
38
36
61
47
48
70
56
57
88
74
75
103
90
90
114
101
100
130
117
115
147
135
131
163
151
145
161
149
143
161
150
142
169
159
150
186
176
166
197
187
177
198
187
178
197
186
178
209
198
189
200
190
180
191
181
171
200
190
180
201
191
181
194
185
172
192
183
170
186
177
164
183
174
161
180
171
157
174
165
150
174
165
151
172
166
146
183
179
155
199
195
171
196
191
171
195
186
173
188
178
168
183
171
164
188
173
169
192
177
174
196
179
176
191
175
171
185
169
163
183
166
160
184
168
161
199
175
152
199
174
148
194
169
143
191
167
140
194
170
143
197
173
143
193
169
139
189
166
133
190
168
133
192
170
135
195
173
137
194
172
135
188
167
129
185
164
124
195
172
127
196
172
129
195
171
129
192
166
126
190
161
122
189
160
121
192
162
119
197
165
118
200
169
116
202
172
113
200
173
106
202
175
102
203
177
101
211
181
109
214
182
111
216
187
112
213
188
108
205
184
107
201
178
108
163
135
79
118
86
44
117
80
47
137
96
63
120
78
36
121
79
21
201
163
85
241
204
113
235
202
104
225
192
96
219
185
92
220
186
94
224
188
99
224
187
101
221
184
99
232
195
109
226
191
101
222
189
94
226
194
95
232
201
98
226
197
89
218
189
81
228
198
94
226
195
93
224
192
92
218
185
87
226
193
98
240
205
114
235
199
110
230
194
106
231
194
107
231
195
107
44
58
80
38
52
74
33
47
69
37
51
73
47
61
83
46
61
81
37
52
71
36
51
70
41
56
75
41
56
74
45
61
78
61
77
94
70
86
103
68
83
102
62
75
97
51
64
86
45
57
81
41
53
77
45
56
83
56
67
95
58
70
101
60
74
107
69
88
121
97
119
154
134
159
195
127
156
191
107
136
173
93
119
159
103
128
170
121
147
187
107
134
171
80
108
144
77
105
140
100
128
162
125
153
187
112
140
174
93
121
156
83
110
147
86
113
152
103
128
169
120
145
187
123
148
190
119
144
186
87
111
156
50
72
117
38
56
103
43
60
107
45
60
106
41
54
99
42
50
94
46
53
93
48
56
93
51
57
92
59
64
97
67
71
103
72
75
105
73
75
105
69
72
100
62
63
89
54
52
78
50
47
72
46
43
68
46
43
68
45
44
70
45
46
72
44
47
75
44
46
76
43
46
77
43
44
64
45
45
61
43
43
59
41
40
56
42
42
56
46
45
57
45
43
54
51
50
60
54
51
60
54
51
59
54
52
58
54
50
56
53
49
54
53
49
54
54
52
64
51
49
61
51
49
61
51
50
64
51
51
65
49
49
63
45
45
59
44
45
60
53
53
69
54
54
70
43
45
61
34
37
52
35
38
53
36
42
52
33
42
46
32
39
45
33
35
45
35
36
46
38
36
48
39
34
47
44
36
48
45
37
48
45
38
45
48
43
47
49
47
46
45
45
42
39
41
36
39
35
36
42
37
39
44
39
41
41
39
39
37
38
37
38
39
36
41
42
38
39
40
36
41
41
35
42
38
33
42
36
31
43
35
31
46
37
33
51
39
37
46
37
40
46
37
41
46
36
42
45
37
43
48
39
48
50
42
52
50
42
53
45
37
47
45
37
47
47
39
47
44
37
43
41
34
38
46
39
42
50
45
45
48
45
41
45
42
38
43
40
36
45
40
37
47
42
39
49
43
40
59
52
49
65
57
54
63
54
51
57
45
43
53
41
39
51
39
37
50
37
35
61
47
49
72
58
59
94
80
81
111
97
98
123
109
109
137
124
122
153
141
137
172
160
154
168
156
150
166
155
147
174
163
154
190
180
170
202
192
182
203
193
183
202
191
183
212
201
193
203
193
183
193
183
173
199
189
179
198
188
178
191
182
169
192
183
170
186
177
164
184
175
161
180
171
157
173
164
150
173
164
150
170
164
144
184
180
155
203
199
174
201
195
176
197
188
175
188
178
167
183
170
163
188
174
170
193
178
175
197
180
177
193
176
172
187
171
165
183
167
160
184
168
161
199
175
152
198
173
147
194
169
143
191
167
140
195
171
143
198
174
144
194
170
140
190
167
135
191
169
134
193
171
136
196
174
138
195
173
136
189
168
130
185
163
124
195
172
127
196
173
129
195
171
129
192
166
126
190
161
122
189
160
121
192
162
120
197
166
118
200
170
117
202
173
113
200
173
106
202
175
102
203
177
101
212
182
109
215
182
112
216
187
113
213
188
108
205
184
107
201
179
108
164
137
80
119
87
45
118
80
47
139
98
65
122
80
37
120
79
21
200
161
83
240
204
112
235
203
104
226
193
96
220
186
92
221
186
95
224
189
100
223
187
101
220
183
98
232
195
110
227
192
102
222
189
94
226
194
95
231
201
97
225
196
88
218
189
81
228
198
94
227
196
93
224
192
92
217
184
87
227
193
99
240
206
114
235
200
111
230
194
106
230
194
106
230
194
106
42
56
78
37
51
73
33
47
69
39
53
75
48
62
84
48
62
83
38
54
72
38
53
72
43
58
77
44
59
78
46
61
79
55
71
88
63
79
96
65
80
98
62
75
97
54
66
89
47
59
82
40
52
77
43
54
81
55
65
94
60
72
103
61
76
108
67
85
118
88
110
145
123
148
184
121
149
185
105
134
171
99
125
165
107
132
174
120
146
186
109
136
173
82
110
146
78
106
141
102
130
164
126
154
188
111
138
173
91
119
155
80
107
144
79
106
144
92
117
159
109
134
176
117
141
183
104
129
172
72
97
141
43
64
110
37
55
102
43
60
106
45
59
105
44
55
101
42
51
94
44
51
91
45
53
90
48
54
90
58
63
96
66
71
103
71
74
104
71
74
103
67
70
97
61
61
87
52
51
76
49
46
70
46
44
68
46
44
68
45
44
70
45
46
72
43
46
74
42
45
74
41
45
75
42
43
63
45
44
60
44
44
60
42
42
56
44
43
57
47
45
58
45
44
55
51
49
59
53
50
59
53
51
58
53
51
57
53
50
55
52
48
53
51
47
52
50
48
60
48
46
58
48
46
58
49
48
60
48
48
62
46
46
60
43
43
57
44
44
59
52
52
68
53
53
69
42
44
59
34
35
51
35
37
53
37
42
53
33
42
47
32
39
46
34
36
46
36
36
47
39
36
49
40
35
48
42
35
48
43
34
46
42
35
43
46
40
45
47
44
45
43
42
40
37
38
34
37
34
35
41
36
39
43
39
42
42
40
41
39
39
39
39
40
38
41
42
39
39
40
37
40
40
35
41
38
34
43
38
34
46
38
35
49
40
37
52
41
39
47
38
41
48
39
43
49
39
44
48
39
45
48
39
46
49
41
49
49
42
50
46
39
46
47
40
48
49
42
48
45
38
43
41
34
38
45
38
41
50
45
44
49
45
41
47
43
39
47
44
39
50
44
41
49
43
40
47
40
37
51
43
40
57
47
44
57
47
44
54
42
39
55
43
40
60
48
45
63
50
47
76
63
63
88
74
75
112
98
98
130
117
117
141
127
126
150
138
135
161
149
145
178
166
161
172
161
154
169
159
150
175
165
156
188
178
168
198
188
177
201
191
180
201
190
182
210
200
191
203
193
183
193
183
173
197
187
177
194
184
174
188
179
166
189
180
167
187
178
165
187
178
164
184
175
161
177
168
154
176
167
153
172
165
145
180
175
151
194
189
166
192
186
167
193
184
170
187
177
165
181
168
161
186
172
167
190
175
171
194
177
173
192
175
170
189
173
166
187
171
163
187
170
162
199
175
152
199
174
148
194
169
143
191
167
140
196
172
143
199
175
146
197
173
143
193
171
138
194
171
137
196
174
138
199
177
141
198
177
140
191
170
132
185
164
124
195
172
127
195
172
128
195
170
128
191
165
125
190
161
122
191
161
122
194
164
121
198
167
120
201
170
117
202
172
112
200
172
106
202
174
102
204
178
101
213
182
110
215
182
112
216
186
111
213
188
108
206
184
106
203
181
110
168
141
83
121
90
47
117
80
46
137
96
62
122
80
37
119
77
19
196
157
79
237
201
109
235
202
103
227
194
96
221
188
93
223
188
96
225
189
101
223
186
100
219
182
97
231
194
108
227
192
102
223
189
95
225
192
94
229
199
95
225
195
88
218
189
81
227
196
92
226
195
93
224
192
92
217
185
87
229
195
101
241
207
114
234
198
109
229
193
105
229
194
105
230
194
106
39
53
75
35
49
71
35
49
71
43
57
79
52
66
88
50
64
86
41
56
75
43
58
77
48
63
82
50
65
84
47
62
81
45
61
78
50
66
83
58
73
92
63
76
98
58
71
94
50
62
86
39
50
77
39
50
77
52
63
92
62
74
105
65
79
112
62
80
115
73
94
129
105
129
165
110
136
172
103
131
168
110
136
177
114
139
181
120
146
186
112
139
176
87
115
150
81
109
143
105
133
167
128
156
190
108
136
170
89
117
152
76
104
139
66
93
132
72
97
139
91
116
158
104
129
171
78
103
145
46
70
113
30
52
97
35
54
99
43
60
107
45
59
105
49
58
104
44
52
94
41
49
88
40
48
85
44
50
85
56
61
94
66
71
102
70
73
102
69
71
100
65
66
92
58
57
83
50
50
73
48
46
68
47
45
67
48
46
68
46
46
70
46
45
71
43
45
71
41
43
72
39
42
71
41
41
61
45
44
60
46
45
60
44
44
58
46
45
58
49
47
59
47
45
56
50
46
57
51
49
57
53
51
57
53
51
56
53
49
54
50
46
51
47
43
48
44
42
54
43
41
53
44
42
54
45
43
55
43
43
57
41
41
55
40
40
54
44
44
59
52
51
67
51
51
67
42
42
58
33
33
49
36
36
54
38
41
54
34
42
50
33
39
48
35
37
48
37
37
49
40
37
52
41
36
51
41
32
48
39
29
43
38
30
40
42
36
43
44
40
44
39
38
38
31
32
31
35
31
34
40
34
39
43
40
44
44
42
44
42
42
43
41
42
42
41
44
42
39
40
38
38
39
37
41
38
37
45
41
40
50
43
43
54
45
45
54
44
44
49
40
43
53
44
47
55
46
49
53
44
47
48
40
43
47
40
43
48
41
44
50
43
46
52
45
48
53
46
49
48
41
44
41
34
37
45
38
41
50
44
44
50
46
41
51
47
42
55
51
46
58
52
47
52
46
41
42
35
30
37
28
24
42
31
27
46
35
31
49
37
33
59
47
43
75
63
59
87
75
71
104
91
91
119
105
106
145
132
130
165
152
150
173
161
158
175
163
159
177
165
159
191
179
173
180
169
161
175
165
156
179
169
159
185
175
165
190
181
169
197
188
175
199
188
180
207
196
187
203
193
183
195
185
175
192
182
172
187
177
167
183
174
161
185
176
163
188
179
166
192
183
169
191
182
168
184
175
161
182
173
159
174
167
147
173
168
144
178
171
151
176
169
150
186
177
161
186
174
163
179
166
157
183
168
161
187
171
165
188
172
166
193
175
167
194
177
168
194
177
167
192
176
164
200
175
153
199
174
148
194
169
143
192
167
140
197
173
145
202
178
149
202
178
148
200
177
145
198
175
142
200
178
143
205
183
147
205
183
147
195
174
136
187
165
126
194
171
127
194
170
128
193
168
127
191
165
125
191
162
123
193
163
124
197
166
124
201
170
122
202
171
118
201
172
112
199
172
105
202
174
102
204
178
102
215
184
112
216
183
111
215
186
110
212
187
107
206
185
106
206
184
113
175
149
90
127
96
51
115
79
44
134
93
59
122
80
36
116
74
16
188
149
71
232
195
104
234
202
103
228
196
97
225
192
96
226
191
99
226
191
102
222
185
100
216
179
94
229
192
107
228
192
103
223
189
97
223
191
93
226
195
93
223
193
88
218
188
81
224
193
89
227
195
94
224
192
93
219
186
89
233
199
105
242
208
115
231
196
107
227
191
103
229
193
105
229
193
105
39
53
75
35
49
71
35
49
71
43
57
79
52
66
88
50
64
86
41
56
75
43
58
77
48
63
82
50
65
84
47
62
81
45
61
78
50
66
83
58
73
92
63
76
98
58
71
94
50
62
86
39
50
77
39
50
77
52
63
92
62
74
105
65
79
112
62
80
115
73
94
129
105
129
165
110
136
172
103
131
168
110
136
177
114
139
181
120
146
186
112
139
176
87
115
150
81
109
143
105
133
167
128
156
190
108
136
170
89
117
152
76
104
139
66
93
132
72
97
139
91
116
158
104
129
171
78
103
145
46
70
113
30
52
97
35
54
99
43
60
107
45
59
105
49
58
104
44
52
94
41
49
88
40
48
85
44
50
85
56
61
94
66
71
102
70
73
102
69
71
100
65
66
92
58
57
83
50
50
73
48
46
68
47
45
67
48
46
68
46
46
70
46
45
71
43
45
71
41
43
72
39
42
71
41
41
61
45
44
60
46
45
60
44
44
58
46
45
58
49
47
59
47
45
56
50
46
57
51
49
57
53
51
57
53
51
56
53
49
54
50
46
51
47
43
48
44
42
54
43
41
53
44
42
54
45
43
55
43
43
57
41
41
55
40
40
54
44
44
59
52
51
67
51
51
67
42
42
58
33
33
49
36
36
54
38
41
54
34
42
50
33
39
48
35
37
48
37
37
49
40
37
52
41
36
51
41
32
48
39
29
43
38
30
40
42
36
43
44
40
44
39
38
38
31
32
31
35
31
34
40
34
39
43
40
44
44
42
44
42
42
43
41
42
42
41
44
42
39
40
38
38
39
37
41
38
37
45
41
40
50
43
43
54
45
45
54
44
44
49
40
43
53
44
47
55
46
49
53
44
47
48
40
43
47
40
43
48
41
44
50
43
46
52
45
48
53
46
49
48
41
44
41
34
37
45
38
41
50
44
44
50
46
41
51
47
42
55
51
46
58
52
47
52
46
41
42
35
30
37
28
24
42
31
27
46
35
31
49
37
33
59
47
43
75
63
59
87
75
71
104
91
91
119
105
106
145
132
130
165
152
150
173
161
158
175
163
159
177
165
159
191
179
173
180
169
161
175
165
156
179
169
159
185
175
165
190
181
169
197
188
175
199
188
180
207
196
187
203
193
183
195
185
175
192
182
172
187
177
167
183
174
161
185
176
163
188
179
166
192
183
169
191
182
168
184
175
161
182
173
159
174
167
147
173
168
144
178
171
151
176
169
150
186
177
161
186
174
163
179
166
157
183
168
161
187
171
165
188
172
166
193
175
167
194
177
168
194
177
167
192
176
164
200
175
153
199
174
148
194
169
143
192
167
140
197
173
145
202
178
149
202
178
148
200
177
145
198
175
142
200
178
143
205
183
147
205
183
147
195
174
136
187
165
126
194
171
127
194
170
128
193
168
127
191
165
125
191
162
123
193
163
124
197
166
124
201
170
122
202
171
118
201
172
112
199
172
105
202
174
102
204
178
102
215
184
112
216
183
111
215
186
110
212
187
107
206
185
106
206
184
113
175
149
90
127
96
51
115
79
44
134
93
59
122
80
36
116
74
16
188
149
71
232
195
104
234
202
103
228
196
97
225
192
96
226
191
99
226
191
102
222
185
100
216
179
94
229
192
107
228
192
103
223
189
97
223
191
93
226
195
93
223
193
88
218
188
81
224
193
89
227
195
94
224
192
93
219
186
89
233
199
105
242
208
115
231
196
107
227
191
103
229
193
105
229
193
105
34
48
70
39
53
75
44
58
80
45
59
81
47
61
83
50
64
86
51
66
85
49
64
83
50
65
84
52
67
86
46
60
79
33
48
66
32
47
66
43
57
77
57
69
93
65
77
101
64
76
100
51
63
89
46
57
85
56
67
96
62
74
105
57
71
104
41
60
94
44
64
99
84
108
144
111
137
174
124
152
189
120
146
187
110
135
176
104
129
169
97
123
160
85
112
147
86
113
147
105
133
165
121
149
180
115
142
176
107
134
169
96
122
159
81
106
145
73
98
138
77
101
143
69
94
135
44
68
110
28
51
94
35
56
100
51
68
114
54
69
115
51
64
110
54
64
108
49
57
99
45
52
91
41
48
85
41
47
81
53
58
90
63
67
97
65
68
97
62
63
90
56
57
81
51
49
74
48
46
68
48
46
66
51
49
69
53
51
71
51
49
71
49
47
71
44
45
70
39
41
69
36
39
67
36
36
56
41
40
56
44
44
58
44
43
57
47
44
58
47
46
57
46
42
54
50
46
56
51
48
56
53
49
55
53
49
54
51
47
52
49
44
49
48
43
46
49
48
58
48
46
57
48
46
57
49
47
59
50
48
61
51
48
63
51
49
64
48
48
63
46
45
61
45
44
60
45
43
62
42
40
59
37
35
54
35
36
52
36
41
51
34
38
50
35
36
50
39
36
52
42
36
53
42
34
52
45
36
52
44
34
50
41
32
45
43
37
47
46
42
49
43
41
45
36
35
38
34
28
34
35
30
36
39
35
41
40
38
44
41
41
45
41
42
46
42
44
45
39
41
41
41
40
42
46
43
44
52
47
47
55
48
48
53
43
44
48
37
39
51
41
44
55
46
49
56
48
49
51
43
42
46
40
37
47
41
36
48
43
36
46
40
34
52
46
42
60
53
51
64
57
57
64
57
58
65
57
60
62
55
54
58
52
45
59
53
47
65
57
51
69
61
55
69
60
54
66
56
50
69
59
52
80
69
63
92
80
74
105
93
87
125
111
106
149
135
129
165
151
145
160
145
142
162
147
145
173
158
155
181
167
163
183
170
164
181
167
162
178
165
158
191
179
171
184
172
163
187
176
166
193
181
170
189
177
165
184
172
160
185
173
162
187
174
166
195
183
174
199
187
177
198
186
176
196
185
174
197
185
174
193
182
169
185
174
162
186
175
163
191
180
167
195
184
170
193
182
168
190
179
165
186
177
158
183
176
153
174
165
145
166
157
138
185
172
157
192
179
166
191
177
167
189
173
164
187
170
162
187
170
162
189
171
160
192
175
162
194
178
163
196
180
164
200
176
153
201
175
151
196
170
145
192
167
141
195
171
143
199
175
147
199
175
145
196
173
141
195
173
140
197
175
140
201
179
143
202
180
144
195
173
137
189
167
129
192
168
126
192
168
126
192
167
126
190
164
124
192
164
125
195
166
127
200
170
127
203
172
124
202
172
119
200
171
111
198
171
104
202
175
100
205
179
102
215
185
112
214
181
109
211
183
104
210
186
104
210
188
108
213
190
117
182
157
96
135
105
59
110
75
38
119
78
44
116
74
30
115
75
16
187
149
70
231
196
105
229
197
97
229
197
98
230
197
100
229
195
102
225
190
100
222
185
99
219
182
97
224
188
102
226
191
102
224
190
98
222
189
93
224
193
93
225
195
91
221
191
86
219
189
85
228
196
94
228
196
97
224
191
94
238
204
110
242
208
115
226
191
100
223
188
98
233
197
108
236
201
111
33
47
69
40
54
76
45
59
81
45
59
81
46
60
82
51
65
87
53
68
87
50
65
84
51
66
85
53
68
87
45
60
79
30
45
64
28
43
62
40
54
75
56
68
92
67
79
103
67
79
103
54
65
92
48
59
87
57
68
96
62
74
105
56
70
103
38
56
90
39
59
94
80
105
141
111
138
174
128
156
193
123
148
189
110
134
175
101
126
166
94
120
157
85
111
147
87
114
148
105
133
165
120
148
179
116
143
177
111
138
172
100
126
163
83
109
148
73
98
138
75
99
141
63
87
129
38
62
104
25
48
91
37
56
101
54
71
116
56
71
117
52
65
110
55
65
109
50
58
100
45
53
92
42
48
85
40
47
80
52
57
90
62
66
96
65
68
96
60
62
89
55
55
79
50
47
72
47
45
67
48
46
66
52
50
70
54
52
72
52
50
72
49
47
72
45
45
69
39
41
68
36
39
67
36
36
55
40
39
55
44
44
58
44
43
57
47
44
58
47
45
57
45
42
53
50
46
56
51
48
57
53
49
55
53
49
54
51
47
52
48
44
49
48
43
45
50
49
59
49
48
58
49
47
58
50
48
60
52
50
62
53
50
65
53
51
66
49
49
64
45
44
60
44
43
59
46
44
62
44
42
61
37
35
54
34
36
51
36
41
52
35
38
51
35
36
50
39
36
52
42
35
53
43
34
53
46
36
53
45
35
51
42
33
46
43
37
48
47
43
51
44
42
47
37
36
39
33
28
34
34
30
36
38
35
41
40
38
44
41
41
46
42
43
47
43
45
46
39
41
42
42
40
42
47
44
45
54
48
49
56
49
50
53
42
44
47
36
38
51
42
45
56
47
49
56
48
49
51
43
41
46
40
36
47
42
34
48
43
34
46
40
32
53
47
41
62
55
52
68
60
59
69
61
62
69
60
63
65
57
56
59
53
46
61
55
48
66
59
52
71
63
56
72
63
56
71
61
54
75
65
58
87
76
70
100
88
82
116
103
97
138
124
118
162
148
142
179
165
159
170
155
152
170
155
152
178
163
160
184
170
165
185
171
165
182
168
162
178
165
158
192
179
171
185
173
163
190
178
168
196
184
172
190
178
166
183
171
159
183
171
159
185
172
164
193
180
171
198
186
176
198
186
176
197
185
175
198
186
176
195
183
171
186
174
162
186
174
162
191
180
166
196
185
171
194
183
169
191
180
166
188
178
160
185
177
154
173
164
144
164
154
136
185
172
156
193
180
166
194
179
169
190
174
165
187
170
161
187
170
161
189
171
159
191
174
161
194
178
163
196
180
164
200
176
153
201
175
151
196
171
146
192
167
141
195
171
143
199
175
147
198
174
144
196
173
141
195
172
139
196
174
139
200
178
143
201
179
143
196
174
138
190
167
130
192
168
126
192
168
126
192
167
126
190
164
124
193
164
125
196
167
127
201
171
128
204
172
125
203
172
119
200
171
111
198
171
104
202
175
101
205
179
103
216
185
112
214
181
109
210
182
103
210
186
104
211
189
108
214
191
118
183
158
97
137
107
60
110
74
37
117
76
41
115
73
29
115
75
16
187
150
70
231
197
105
228
196
96
229
197
98
231
198
101
230
196
102
225
190
100
222
185
99
220
183
98
224
187
101
226
190
102
224
190
98
222
189
93
224
192
93
226
195
92
222
192
87
219
188
85
228
196
95
229
197
98
226
193
95
240
206
112
242
208
115
225
191
99
223
188
98
233
198
108
238
203
113
36
50
72
42
56
78
47
61
83
47
61
83
47
62
83
51
65
87
55
70
89
50
64
84
50
64
84
53
68
87
49
64
83
35
50
69
32
47
66
42
56
76
56
68
92
68
80
105
69
81
106
56
68
95
49
61
89
58
68
98
62
74
105
57
71
104
41
59
93
42
62
97
81
105
141
108
134
170
121
149
185
110
136
176
96
121
161
87
112
151
80
107
143
76
103
138
80
107
140
91
119
150
104
132
163
109
136
169
108
135
170
101
127
163
88
114
152
79
104
144
76
100
141
58
81
123
40
64
106
32
54
97
42
62
106
55
72
118
58
73
119
55
67
112
54
64
108
51
59
101
47
55
94
44
50
87
42
49
82
53
58
90
63
67
97
66
68
95
60
61
87
52
53
76
48
45
69
47
45
65
49
46
66
52
49
69
53
51
70
52
50
70
49
46
70
44
45
69
40
41
67
37
39
66
35
35
54
39
38
54
43
42
57
43
42
56
46
43
56
46
44
56
44
40
51
50
47
56
52
49
56
52
48
54
52
47
53
51
46
51
50
45
49
49
44
46
50
48
58
48
46
56
47
45
55
47
45
56
48
47
58
51
48
62
52
50
65
50
49
64
45
43
59
44
42
58
46
43
62
45
42
61
39
36
55
35
36
52
35
40
52
34
37
51
34
35
50
39
35
52
41
35
53
42
33
53
45
35
53
44
34
50
40
31
45
40
33
46
43
39
48
41
39
45
36
34
39
33
28
35
34
29
36
35
32
39
37
35
42
38
38
44
40
40
45
41
42
45
40
41
44
42
40
44
46
42
45
51
45
47
52
45
47
48
38
40
43
32
34
52
42
45
55
46
47
54
46
44
48
41
37
45
40
32
50
44
33
52
47
35
49
44
33
53
48
38
59
53
47
65
57
54
67
58
58
66
56
59
61
53
51
56
49
42
58
51
43
64
56
48
73
65
57
82
73
66
89
79
71
96
85
78
108
96
89
119
107
100
130
118
111
148
133
127
167
152
146
180
165
159
177
162
158
176
162
158
180
166
161
184
170
165
186
172
166
184
170
164
181
168
160
191
179
170
187
175
165
194
182
172
201
189
177
193
182
169
185
173
161
184
172
161
187
174
166
193
180
171
197
185
175
197
185
175
196
184
174
198
186
176
196
184
172
186
174
162
184
172
160
186
175
161
191
180
166
191
180
166
188
177
163
185
175
157
186
177
155
180
170
150
172
161
143
185
171
156
190
176
162
192
177
166
192
175
165
190
173
163
191
174
163
191
173
160
191
174
159
192
175
159
194
177
160
199
174
151
200
174
150
196
170
146
192
167
141
194
170
143
198
174
146
196
172
143
194
171
139
193
171
138
194
172
138
197
175
139
197
175
139
193
171
135
190
167
130
192
168
126
192
168
126
192
167
126
190
164
125
192
164
125
196
166
127
201
170
128
203
172
125
203
172
119
200
171
111
198
170
104
201
175
100
205
179
102
216
186
112
213
181
108
209
181
102
209
185
103
212
190
108
215
193
118
186
161
99
136
106
58
107
72
34
117
76
41
115
75
30
115
76
16
187
150
70
234
199
107
225
193
93
229
197
97
232
199
102
230
196
102
224
189
99
222
185
99
222
186
100
224
187
102
227
191
103
225
190
100
222
189
94
224
191
93
226
195
93
223
192
89
220
189
86
228
196
95
229
197
98
226
193
96
240
206
111
243
209
115
226
192
100
223
189
98
233
198
107
237
202
111
42
56
78
46
60
82
51
65
87
51
65
87
50
64
86
54
68
90
58
72
94
49
63
85
47
61
83
54
68
90
55
70
90
44
59
78
40
55
74
45
60
80
55
69
92
72
84
110
75
86
113
62
73
101
54
65
93
59
70
100
62
74
106
59
73
106
47
65
99
49
69
104
82
106
142
101
128
164
107
134
170
87
112
151
70
95
135
58
84
121
53
79
115
59
86
121
65
92
124
63
91
122
74
102
133
94
122
153
104
131
165
103
129
165
99
125
161
90
116
155
78
103
143
48
70
111
46
68
109
48
68
111
54
73
116
59
76
121
61
76
122
60
73
117
53
63
107
52
60
102
51
59
97
49
55
90
45
52
85
54
59
90
65
69
98
68
69
95
59
59
84
48
49
70
44
42
64
46
44
64
51
47
66
52
48
67
52
48
67
50
48
68
48
46
68
44
45
67
41
42
67
38
39
65
34
33
52
36
36
51
42
39
54
42
39
53
43
41
53
45
41
53
41
37
48
52
49
58
54
50
56
51
47
53
50
46
51
51
45
50
52
47
49
52
47
49
50
46
57
47
43
54
44
40
51
42
40
50
43
41
52
47
45
57
51
48
63
51
48
63
46
43
58
44
41
57
47
43
61
47
43
62
42
38
57
37
36
53
35
38
52
34
35
51
34
32
51
37
33
52
40
33
53
41
31
53
44
32
53
41
31
49
36
26
43
35
26
41
37
31
43
36
33
43
33
30
39
34
28
39
33
27
38
30
27
36
31
29
38
33
32
41
35
34
43
37
37
43
43
43
49
43
41
46
43
40
44
46
40
45
46
37
41
39
30
33
35
24
27
53
42
45
53
43
43
49
41
36
43
37
27
44
39
24
54
50
31
60
56
37
57
53
34
55
50
34
55
49
37
59
52
44
63
53
51
59
48
51
54
44
41
51
42
33
53
44
35
59
50
41
78
69
60
104
93
85
126
115
107
139
127
119
148
135
127
157
144
136
160
147
139
168
152
145
177
161
154
181
165
158
190
176
170
190
176
170
185
172
165
185
172
164
187
174
166
188
175
167
186
174
164
191
179
169
192
180
168
204
192
180
211
200
186
202
191
177
189
178
164
187
176
163
191
178
170
193
181
172
196
184
174
196
184
174
194
182
172
198
186
176
199
187
175
189
177
165
180
168
156
176
165
151
182
171
157
185
174
160
181
170
156
179
168
150
188
177
157
194
183
163
188
174
156
186
171
155
184
169
154
190
173
160
195
178
165
197
180
167
201
182
167
196
178
162
190
173
155
189
170
152
191
171
151
196
171
148
199
173
149
197
171
147
193
167
142
193
168
142
195
170
143
193
169
141
191
167
137
191
168
136
191
168
135
189
167
132
189
167
131
189
167
131
191
168
131
194
170
128
194
169
128
192
167
127
190
164
126
192
163
126
195
166
126
200
170
128
204
172
125
203
172
119
200
170
110
197
170
103
201
174
100
205
180
101
216
186
110
213
180
106
208
179
98
209
185
101
214
193
109
219
197
121
191
166
103
134
104
56
102
67
28
116
76
40
117
78
31
115
76
15
188
152
71
239
204
112
220
189
87
228
197
95
235
202
104
230
197
102
222
188
96
222
186
100
228
191
106
224
187
103
228
192
106
226
191
102
223
188
96
224
190
94
227
195
95
226
194
93
223
192
89
228
197
95
229
197
98
227
195
96
241
208
111
245
211
117
229
195
102
224
190
97
233
199
106
236
202
109
42
56
78
46
60
82
51
65
87
51
65
87
50
64
86
54
68
90
58
72
94
49
63
85
47
61
83
54
68
90
55
70
90
44
59
78
40
55
74
45
60
80
55
69
92
72
84
110
75
86
113
62
73
101
54
65
93
59
70
100
62
74
106
59
73
106
47
65
99
49
69
104
82
106
142
101
128
164
107
134
170
87
112
151
70
95
135
58
84
121
53
79
115
59
86
121
65
92
124
63
91
122
74
102
133
94
122
153
104
131
165
103
129
165
99
125
161
90
116
155
78
103
143
48
70
111
46
68
109
48
68
111
54
73
116
59
76
121
61
76
122
60
73
117
53
63
107
52
60
102
51
59
97
49
55
90
45
52
85
54
59
90
65
69
98
68
69
95
59
59
84
48
49
70
44
42
64
46
44
64
51
47
66
52
48
67
52
48
67
50
48
68
48
46
68
44
45
67
41
42
67
38
39
65
34
33
52
36
36
51
42
39
54
42
39
53
43
41
53
45
41
53
41
37
48
52
49
58
54
50
56
51
47
53
50
46
51
51
45
50
52
47
49
52
47
49
50
46
57
47
43
54
44
40
51
42
40
50
43
41
52
47
45
57
51
48
63
51
48
63
46
43
58
44
41
57
47
43
61
47
43
62
42
38
57
37
36
53
35
38
52
34
35
51
34
32
51
37
33
52
40
33
53
41
31
53
44
32
53
41
31
49
36
26
43
35
26
41
37
31
43
36
33
43
33
30
39
34
28
39
33
27
38
30
27
36
31
29
38
33
32
41
35
34
43
37
37
43
43
43
49
43
41
46
43
40
44
46
40
45
46
37
41
39
30
33
35
24
27
53
42
45
53
43
43
49
41
36
43
37
27
44
39
24
54
50
31
60
56
37
57
53
34
55
50
34
55
49
37
59
52
44
63
53
51
59
48
51
54
44
41
51
42
33
53
44
35
59
50
41
78
69
60
104
93
85
126
115
107
139
127
119
148
135
127
157
144
136
160
147
139
168
152
145
177
161
154
181
165
158
190
176
170
190
176
170
185
172
165
185
172
164
187
174
166
188
175
167
186
174
164
191
179
169
192
180
168
204
192
180
211
200
186
202
191
177
189
178
164
187
176
163
191
178
170
193
181
172
196
184
174
196
184
174
194
182
172
198
186
176
199
187
175
189
177
165
180
168
156
176
165
151
182
171
157
185
174
160
181
170
156
179
168
150
188
177
157
194
183
163
188
174
156
186
171
155
184
169
154
190
173
160
195
178
165
197
180
167
201
182
167
196
178
162
190
173
155
189
170
152
191
171
151
196
171
148
199
173
149
197
171
147
193
167
142
193
168
142
195
170
143
193
169
141
191
167
137
191
168
136
191
168
135
189
167
132
189
167
131
189
167
131
191
168
131
194
170
128
194
169
128
192
167
127
190
164
126
192
163
126
195
166
126
200
170
128
204
172
125
203
172
119
200
170
110
197
170
103
201
174
100
205
180
101
216
186
110
213
180
106
208
179
98
209
185
101
214
193
109
219
197
121
191
166
103
134
104
56
102
67
28
116
76
40
117
78
31
115
76
15
188
152
71
239
204
112
220
189
87
228
197
95
235
202
104
230
197
102
222
188
96
222
186
100
228
191
106
224
187
103
228
192
106
226
191
102
223
188
96
224
190
94
227
195
95
226
194
93
223
192
89
228
197
95
229
197
98
227
195
96
241
208
111
245
211
117
229
195
102
224
190
97
233
199
106
236
202
109
47
62
82
42
56
78
43
57
80
51
65
87
55
69
91
53
67
89
51
65
87
52
67
89
50
64
86
57
70
92
63
77
98
58
72
93
53
67
89
53
67
90
56
70
95
66
79
105
61
73
100
47
58
86
42
52
81
47
58
88
59
71
103
69
83
116
63
79
114
57
77
112
73
96
133
74
100
136
66
93
129
62
87
126
59
82
121
50
74
112
49
73
109
57
83
116
57
82
114
44
70
100
45
71
101
63
88
121
72
97
130
75
99
135
81
105
142
81
104
142
69
92
132
59
79
120
56
77
118
54
73
115
58
75
118
63
79
123
61
75
119
53
64
108
46
54
97
49
57
96
52
60
98
53
59
95
51
58
91
61
66
96
72
75
103
74
74
98
63
61
84
50
49
70
45
43
62
47
44
62
50
46
63
49
43
60
45
41
58
46
42
61
44
43
62
44
43
64
43
42
65
41
41
66
40
38
56
44
41
56
46
44
59
45
42
56
47
44
56
47
43
55
43
39
50
49
44
53
48
44
50
46
41
47
45
40
45
46
40
45
48
43
46
49
44
46
45
42
51
43
40
49
39
36
45
35
32
42
35
32
43
39
36
48
42
38
51
42
38
52
46
41
57
45
40
56
39
33
51
35
30
47
41
35
54
42
38
56
36
37
53
35
34
52
36
33
52
40
33
53
42
32
53
42
30
53
42
30
52
41
29
49
36
25
45
35
25
42
34
27
41
33
28
40
32
28
40
43
37
49
43
37
48
37
33
44
35
32
44
35
34
45
35
35
46
35
36
45
42
41
50
39
38
46
40
36
44
43
37
43
46
39
44
48
39
44
48
38
43
56
45
47
60
51
49
62
55
48
61
55
40
58
54
32
58
56
27
59
56
27
56
52
24
49
45
20
45
38
20
49
41
30
61
50
47
65
54
54
73
61
57
86
75
65
97
85
75
108
97
87
123
111
101
139
127
118
155
143
133
169
155
146
178
164
155
183
168
159
184
169
160
188
172
163
190
173
164
187
170
161
194
180
171
195
183
173
192
180
170
190
178
168
192
180
170
194
181
171
191
179
168
187
175
163
189
178
164
196
185
172
201
190
177
197
186
172
191
180
166
189
179
164
189
176
168
190
177
168
186
174
164
181
169
159
180
168
158
185
173
163
189
177
165
185
173
161
175
163
151
170
159
145
176
165
151
184
173
159
183
172
158
178
166
150
183
170
151
186
171
153
182
167
150
185
169
152
181
164
149
183
165
150
186
167
152
192
173
157
201
181
163
200
181
160
194
174
153
188
168
145
186
166
141
189
163
141
193
166
145
194
167
145
191
165
141
192
167
141
194
170
143
194
170
142
196
172
142
196
172
141
193
170
138
189
167
133
187
165
130
190
168
133
194
171
135
196
172
131
196
171
131
195
169
130
192
165
127
191
162
125
193
164
124
198
167
125
202
171
123
201
172
117
199
171
109
197
171
101
201
174
99
205
179
101
217
186
110
213
181
105
209
181
98
211
186
99
211
191
105
219
198
120
200
176
110
127
98
46
98
63
22
122
84
46
121
82
36
111
72
12
181
144
64
236
201
109
216
186
82
225
194
92
233
200
101
227
194
98
220
185
94
222
186
100
231
194
109
228
191
107
231
194
109
228
191
104
222
187
96
222
188
94
224
191
94
226
194
94
229
198
95
227
195
94
226
194
94
224
192
93
236
203
106
245
212
116
235
201
108
228
194
101
228
194
100
225
191
97
49
64
83
41
55
77
42
56
78
51
65
87
56
70
92
53
67
89
49
63
85
53
67
89
50
64
86
57
71
93
64
78
100
60
74
96
56
70
92
55
69
92
57
70
96
65
78
104
58
70
98
44
55
83
39
49
79
45
55
86
58
70
102
71
86
118
66
82
118
59
79
114
72
95
131
69
95
131
58
85
120
57
81
120
56
79
118
49
72
110
48
73
108
57
82
115
55
80
112
39
65
96
38
64
94
57
82
114
65
90
123
69
93
128
77
101
138
79
102
140
67
89
130
61
81
122
59
79
120
56
75
117
59
76
119
64
80
123
61
75
118
52
62
106
44
53
95
48
57
96
53
61
98
54
60
96
52
59
92
62
67
98
73
77
104
75
75
99
64
62
85
51
50
70
45
43
62
48
44
62
50
46
62
48
42
59
44
40
56
45
41
59
44
42
61
44
43
63
43
42
65
42
42
66
41
39
57
45
42
58
48
45
60
46
43
57
47
44
56
48
44
55
43
39
50
48
43
53
47
43
49
45
40
46
45
39
44
45
39
44
48
42
45
49
44
46
45
42
51
42
39
48
38
35
44
34
30
41
34
30
41
38
34
46
40
36
48
40
36
49
46
41
56
45
40
56
37
31
48
33
27
44
41
35
54
43
39
57
37
37
54
35
34
53
37
33
52
40
33
54
42
32
54
43
31
53
42
29
51
41
28
49
36
25
45
35
25
42
33
26
41
33
27
40
32
28
40
45
40
51
45
39
50
39
35
46
36
33
45
36
34
46
36
36
46
35
36
46
42
41
51
39
38
47
39
36
44
42
37
43
46
39
45
50
41
47
51
41
47
57
46
48
62
52
51
66
58
50
65
59
43
62
57
33
59
57
27
59
56
25
56
52
22
48
44
17
43
36
16
47
38
28
61
50
47
67
55
55
77
65
61
94
82
72
106
94
84
119
107
97
132
120
110
147
135
125
162
148
139
176
161
152
185
170
161
189
174
165
190
174
165
193
176
167
192
175
166
188
171
162
194
181
172
196
184
174
193
181
171
191
179
169
193
181
171
195
183
172
192
180
168
186
174
162
188
177
163
195
184
170
200
189
175
196
185
171
192
181
167
190
179
164
189
176
168
189
177
168
184
172
162
178
166
156
177
165
155
183
171
160
187
175
163
184
172
160
174
162
150
169
157
144
175
164
150
184
173
159
183
172
158
178
166
149
182
168
149
184
169
151
181
165
148
184
168
152
181
164
148
182
163
148
184
165
149
191
172
155
201
181
163
201
181
160
195
174
152
188
168
144
185
165
140
187
161
140
192
165
144
193
166
145
191
165
141
192
166
141
194
169
143
194
170
142
197
173
143
197
173
142
194
171
139
190
167
133
187
165
130
191
169
134
195
172
136
197
173
131
197
172
132
195
169
131
192
165
128
191
162
125
193
163
124
197
167
124
202
171
122
201
172
117
199
171
108
197
171
101
201
174
100
205
180
101
217
186
110
214
181
106
210
181
98
211
187
99
211
191
104
220
199
120
202
179
111
125
97
44
97
62
21
124
86
47
122
84
37
110
72
11
179
143
63
235
201
109
215
185
81
225
194
91
232
200
101
227
193
98
219
185
93
223
186
100
231
194
110
229
192
108
232
195
110
228
191
105
222
187
96
222
188
94
224
191
94
226
194
94
231
200
97
226
195
94
225
193
93
223
191
92
236
203
106
246
212
116
237
203
109
229
195
101
227
193
99
223
189
95
47
62
81
40
54
75
41
56
77
51
65
87
56
70
92
51
65
87
48
61
83
56
70
92
54
67
90
58
73
95
64
78
100
61
75
97
57
71
94
56
69
93
56
70
96
62
74
101
53
65
93
38
49
78
34
44
75
39
50
81
53
65
97
68
83
115
66
82
118
59
79
114
70
93
129
69
95
131
62
88
124
61
85
124
59
82
120
52
76
113
53
77
112
59
84
117
56
81
113
42
68
98
40
66
97
52
78
109
58
82
115
61
85
120
69
93
129
71
94
132
62
85
124
62
82
122
59
78
119
54
72
113
56
72
115
63
79
122
60
73
117
47
58
101
41
50
92
46
54
94
52
60
97
54
60
95
52
60
92
63
68
99
74
77
104
75
75
98
64
62
84
52
51
71
47
44
63
48
44
62
50
45
61
47
42
58
44
39
55
44
41
59
44
42
61
43
42
62
42
42
64
41
41
65
43
41
58
47
44
60
49
46
61
47
44
58
48
45
57
48
44
56
43
39
50
47
42
51
45
41
48
44
39
45
44
38
44
45
39
44
47
41
45
48
43
45
45
43
51
44
41
50
42
38
47
38
35
45
38
34
44
42
37
49
43
38
50
39
34
47
45
39
54
44
38
54
37
30
47
33
27
43
41
34
53
44
40
58
40
39
56
38
36
55
39
35
54
43
35
56
45
35
56
45
33
55
47
34
55
47
35
55
45
34
54
43
34
50
41
33
48
39
34
47
38
34
47
49
44
55
49
43
54
43
39
50
41
38
50
41
39
51
40
40
51
39
39
50
42
40
51
42
40
49
45
41
50
49
43
50
53
46
52
58
48
54
59
49
55
60
50
51
66
56
53
70
63
53
71
65
47
69
65
38
66
64
31
65
62
28
62
59
26
60
55
26
59
52
30
67
58
45
85
74
69
95
83
83
108
95
90
123
111
100
135
123
111
146
133
122
154
142
131
162
149
138
170
156
145
178
162
152
184
168
158
187
171
161
189
173
163
194
177
167
196
179
168
192
175
165
195
182
171
197
185
174
195
183
172
192
180
169
194
181
170
195
182
170
192
179
167
187
175
162
190
179
165
195
183
169
198
187
172
197
185
171
194
183
168
192
181
166
190
176
168
190
176
168
183
170
160
176
163
153
176
163
153
182
169
159
185
172
160
184
171
159
177
164
152
172
160
147
178
166
152
186
175
161
187
175
161
183
170
154
186
170
152
183
167
150
180
164
147
188
171
154
186
168
152
186
166
150
183
164
147
188
168
150
197
177
157
199
179
156
195
174
151
190
169
145
186
166
140
187
161
139
191
164
143
192
165
143
189
163
139
191
165
141
194
170
144
195
170
143
197
173
144
196
173
142
194
171
139
191
168
135
189
167
133
191
169
134
194
171
135
196
171
130
196
171
131
196
169
131
192
165
128
192
163
126
193
164
124
197
166
124
200
170
121
201
171
116
199
171
108
197
171
101
201
175
99
205
180
101
217
187
109
215
183
106
212
183
100
211
187
99
208
188
101
219
198
118
206
183
115
130
102
48
99
65
23
124
87
47
122
84
36
110
73
12
179
143
63
232
198
106
216
186
81
224
193
90
230
198
98
225
192
96
219
185
93
222
186
100
230
193
109
229
192
108
231
194
110
227
191
104
221
186
95
221
187
94
223
190
94
226
194
94
230
199
97
225
193
92
226
194
94
225
193
94
234
202
104
243
210
114
237
203
108
230
196
101
226
192
97
221
187
92
43
58
77
37
52
71
40
55
74
51
66
86
54
68
90
47
61
83
44
58
80
62
76
98
61
75
97
62
76
99
65
79
102
63
77
100
60
74
97
57
71
95
55
69
97
56
68
96
42
54
82
27
38
68
24
35
65
27
38
70
41
53
86
62
76
110
66
82
117
59
79
114
68
90
126
71
96
132
71
97
133
70
94
131
64
87
125
60
84
120
63
88
122
64
89
122
57
83
114
49
75
105
45
71
101
44
69
100
41
66
99
44
69
103
51
76
111
55
78
115
51
74
112
65
84
122
59
78
117
49
66
107
50
66
108
62
76
120
59
70
114
37
48
91
35
43
85
43
50
90
50
59
94
54
61
94
53
61
91
65
71
100
75
79
105
73
74
95
64
64
84
54
53
72
51
47
66
49
46
61
49
44
59
46
41
56
45
40
55
44
41
57
45
41
60
43
41
60
41
41
61
39
40
61
46
44
62
52
49
65
51
48
63
48
45
60
48
45
59
49
45
57
44
40
51
43
38
47
42
37
46
43
38
44
44
38
44
45
39
44
46
40
45
46
41
43
47
45
51
49
47
53
49
47
55
48
45
54
49
44
53
51
45
56
49
43
54
37
30
43
43
36
49
42
35
50
35
28
43
33
26
41
42
34
51
47
42
60
46
43
62
45
41
60
46
40
59
49
40
60
52
41
61
52
40
60
57
43
64
62
49
69
64
52
72
62
52
69
58
49
66
54
48
63
53
48
63
58
53
65
57
50
63
52
48
60
52
48
60
52
50
62
49
49
61
46
46
58
42
40
52
48
46
56
57
52
63
64
58
66
69
61
68
73
64
70
76
66
72
67
57
57
73
64
59
81
73
59
84
79
56
84
82
49
83
80
41
78
76
35
76
73
33
85
81
45
94
87
60
110
100
82
137
126
119
157
144
143
174
160
155
189
176
162
198
185
171
205
192
178
203
189
176
196
180
167
189
173
160
182
166
153
182
166
153
183
167
154
188
172
159
197
181
168
203
186
173
200
183
170
197
183
170
201
187
175
200
186
174
195
181
169
195
181
168
194
181
167
190
177
163
191
178
164
196
183
169
196
183
168
196
183
167
199
186
170
201
188
172
199
185
171
192
176
169
192
176
168
181
166
157
172
157
148
174
159
150
180
165
156
181
167
155
182
168
156
182
168
156
180
166
153
183
170
156
192
179
165
195
182
168
195
179
164
193
175
158
182
164
147
179
161
144
195
177
160
197
177
160
194
174
156
184
163
143
182
161
140
189
168
146
194
174
148
197
176
149
194
173
146
191
170
142
185
159
137
189
162
141
189
162
141
187
160
138
190
164
140
195
170
144
197
172
146
199
175
146
196
172
142
194
170
139
193
170
138
193
170
138
193
171
136
193
170
134
194
169
129
195
170
131
196
169
132
194
167
130
194
165
128
194
165
126
197
166
124
199
168
120
200
170
115
199
171
108
198
172
102
202
176
99
205
181
100
217
188
109
220
186
108
218
188
104
212
188
98
203
183
93
217
198
115
217
194
124
140
113
58
106
73
29
125
89
46
122
84
34
112
76
13
178
144
63
224
192
99
217
187
81
222
192
87
226
194
93
223
190
93
219
185
93
222
186
99
229
192
107
229
192
108
230
193
109
225
189
103
220
185
95
221
186
94
223
189
95
225
192
95
230
198
98
223
191
91
228
196
96
228
196
97
232
200
101
238
205
108
236
203
106
231
198
101
223
190
93
217
184
87
43
58
77
37
52
71
40
55
74
51
66
86
54
68
90
47
61
83
44
58
80
62
76
98
61
75
97
62
76
99
65
79
102
63
77
100
60
74
97
57
71
95
55
69
97
56
68
96
42
54
82
27
38
68
24
35
65
27
38
70
41
53
86
62
76
110
66
82
117
59
79
114
68
90
126
71
96
132
71
97
133
70
94
131
64
87
125
60
84
120
63
88
122
64
89
122
57
83
114
49
75
105
45
71
101
44
69
100
41
66
99
44
69
103
51
76
111
55
78
115
51
74
112
65
84
122
59
78
117
49
66
107
50
66
108
62
76
120
59
70
114
37
48
91
35
43
85
43
50
90
50
59
94
54
61
94
53
61
91
65
71
100
75
79
105
73
74
95
64
64
84
54
53
72
51
47
66
49
46
61
49
44
59
46
41
56
45
40
55
44
41
57
45
41
60
43
41
60
41
41
61
39
40
61
46
44
62
52
49
65
51
48
63
48
45
60
48
45
59
49
45
57
44
40
51
43
38
47
42
37
46
43
38
44
44
38
44
45
39
44
46
40
45
46
41
43
47
45
51
49
47
53
49
47
55
48
45
54
49
44
53
51
45
56
49
43
54
37
30
43
43
36
49
42
35
50
35
28
43
33
26
41
42
34
51
47
42
60
46
43
62
45
41
60
46
40
59
49
40
60
52
41
61
52
40
60
57
43
64
62
49
69
64
52
72
62
52
69
58
49
66
54
48
63
53
48
63
58
53
65
57
50
63
52
48
60
52
48
60
52
50
62
49
49
61
46
46
58
42
40
52
48
46
56
57
52
63
64
58
66
69
61
68
73
64
70
76
66
72
67
57
57
73
64
59
81
73
59
84
79
56
84
82
49
83
80
41
78
76
35
76
73
33
85
81
45
94
87
60
110
100
82
137
126
119
157
144
143
174
160
155
189
176
162
198
185
171
205
192
178
203
189
176
196
180
167
189
173
160
182
166
153
182
166
153
183
167
154
188
172
159
197
181
168
203
186
173
200
183
170
197
183
170
201
187
175
200
186
174
195
181
169
195
181
168
194
181
167
190
177
163
191
178
164
196
183
169
196
183
168
196
183
167
199
186
170
201
188
172
199
185
171
192
176
169
192
176
168
181
166
157
172
157
148
174
159
150
180
165
156
181
167
155
182
168
156
182
168
156
180
166
153
183
170
156
192
179
165
195
182
168
195
179
164
193
175
158
182
164
147
179
161
144
195
177
160
197
177
160
194
174
156
184
163
143
182
161
140
189
168
146
194
174
148
197
176
149
194
173
146
191
170
142
185
159
137
189
162
141
189
162
141
187
160
138
190
164
140
195
170
144
197
172
146
199
175
146
196
172
142
194
170
139
193
170
138
193
170
138
193
171
136
193
170
134
194
169
129
195
170
131
196
169
132
194
167
130
194
165
128
194
165
126
197
166
124
199
168
120
200
170
115
199
171
108
198
172
102
202
176
99
205
181
100
217
188
109
220
186
108
218
188
104
212
188
98
203
183
93
217
198
115
217
194
124
140
113
58
106
73
29
125
89
46
122
84
34
112
76
13
178
144
63
224
192
99
217
187
81
222
192
87
226
194
93
223
190
93
219
185
93
222
186
99
229
192
107
229
192
108
230
193
109
225
189
103
220
185
95
221
186
94
223
189
95
225
192
95
230
198
98
223
191
91
228
196
96
228
196
97
232
200
101
238
205
108
236
203
106
231
198
101
223
190
93
217
184
87
36
51
70
41
56
75
51
66
85
56
70
90
50
64
86
45
59
81
50
64
86
65
79
102
66
80
103
65
79
102
64
78
102
65
78
104
65
78
104
61
75
101
58
72
101
56
70
98
43
55
84
29
40
70
24
35
67
23
33
66
30
41
75
52
66
100
64
80
115
58
78
112
60
83
118
64
89
125
69
95
131
72
96
132
63
85
121
56
78
114
61
83
118
56
80
112
51
75
105
56
80
109
51
75
104
34
59
89
28
52
83
33
56
89
36
58
93
37
59
95
40
62
99
58
76
113
67
84
123
58
75
114
47
61
102
50
63
105
50
62
104
38
47
90
34
42
82
40
49
87
49
56
92
51
58
90
52
58
88
64
70
98
72
75
100
69
68
88
61
60
80
54
53
72
53
50
67
51
46
62
49
43
57
50
44
57
51
46
60
50
45
60
47
44
61
43
41
61
40
39
59
38
37
57
43
42
59
47
46
62
48
45
61
43
40
56
42
39
54
42
39
52
39
35
47
42
38
49
46
41
50
48
43
51
51
45
51
52
46
51
51
45
50
50
44
48
35
32
37
41
38
43
46
42
49
48
44
50
48
44
50
49
44
53
51
44
54
46
38
49
43
35
46
42
34
45
45
36
48
49
40
53
50
40
54
53
45
60
56
51
67
55
48
64
55
47
63
58
46
65
60
47
65
60
46
64
61
46
64
65
51
69
71
58
75
70
59
75
63
54
70
58
50
65
56
49
64
58
52
63
57
51
62
56
52
63
58
55
67
59
57
69
58
56
69
54
52
66
49
47
59
63
59
71
77
72
82
85
77
85
83
74
81
79
69
73
77
66
70
75
66
63
69
60
52
66
58
42
74
67
42
92
87
51
113
110
65
129
125
78
151
147
102
169
163
123
179
169
139
185
174
154
202
189
178
216
202
198
224
208
201
224
208
192
217
201
186
211
196
180
206
191
175
202
186
170
196
180
164
194
178
163
192
176
161
186
171
155
187
170
155
194
178
163
198
182
167
194
178
163
192
178
164
197
184
171
196
183
169
190
177
164
190
177
162
191
178
162
188
176
160
189
176
161
197
184
168
196
182
167
193
180
164
198
185
169
201
188
172
199
185
171
207
191
184
208
192
184
194
178
169
181
166
157
183
168
159
187
172
163
184
170
158
186
172
160
192
178
166
189
176
162
185
172
158
187
175
161
190
177
163
189
172
158
193
173
158
194
174
158
191
171
155
192
172
155
185
165
146
186
165
145
191
171
149
191
169
145
187
165
140
189
168
140
196
174
145
198
178
147
197
177
146
187
161
139
189
162
142
188
161
140
184
157
136
187
161
138
194
169
144
198
173
147
189
165
138
186
162
133
185
161
131
189
166
135
192
169
138
191
168
135
187
163
130
188
162
125
192
166
129
195
168
131
196
168
132
197
168
131
198
169
130
199
169
126
198
167
119
199
169
114
199
171
108
198
173
101
202
176
99
205
180
99
218
187
108
223
190
109
223
195
107
214
190
97
197
178
85
215
196
110
225
204
131
165
139
81
122
89
43
121
86
41
119
83
31
122
87
21
188
154
73
220
189
96
220
191
84
220
190
85
221
189
88
220
187
90
220
185
93
222
185
99
225
188
104
224
187
104
226
189
106
222
185
100
219
183
95
222
187
97
224
190
97
225
191
95
224
192
92
221
189
89
233
201
101
236
204
104
231
199
100
230
198
99
229
197
98
229
197
98
224
192
93
220
188
90
35
50
69
42
57
76
54
69
88
57
72
91
49
64
85
44
58
80
52
66
88
66
80
103
68
82
105
66
80
103
64
77
103
66
79
105
67
80
106
63
76
103
59
73
102
56
70
99
44
55
85
30
41
71
25
36
68
22
33
65
28
39
73
50
64
98
64
80
115
58
77
112
59
81
117
62
87
123
68
94
130
73
97
133
62
84
120
55
77
112
60
83
117
55
78
109
50
74
104
58
82
110
52
76
104
32
56
86
25
48
79
30
53
86
32
54
89
32
54
90
37
59
95
56
74
111
69
86
125
61
77
116
46
60
101
47
60
102
48
60
102
38
47
89
33
42
81
40
49
86
49
55
91
50
58
89
52
58
87
63
70
98
71
75
99
68
67
87
60
59
79
55
53
72
54
51
67
52
47
62
49
43
57
51
44
57
53
47
61
51
46
61
47
45
61
43
41
61
40
39
59
37
36
56
42
41
58
47
46
62
47
44
60
42
39
55
41
38
53
41
37
51
38
34
46
42
38
50
47
42
51
50
45
53
52
47
53
54
48
53
52
46
51
51
45
50
32
28
33
40
36
41
46
42
48
48
44
50
48
44
50
49
44
53
52
44
54
48
40
50
43
35
46
42
34
45
48
38
50
53
43
56
51
41
54
54
46
60
59
53
68
58
51
66
58
48
64
60
48
66
63
49
67
62
48
66
62
46
64
66
52
68
73
60
76
72
61
77
65
55
71
59
51
66
57
50
65
58
52
63
57
51
62
57
53
64
60
56
68
62
60
72
60
57
71
57
54
69
50
48
60
66
62
74
82
76
87
90
82
90
87
78
84
80
71
75
77
66
69
78
69
65
68
60
50
62
55
38
71
65
39
94
89
51
120
117
71
142
138
89
170
165
118
189
183
142
200
190
159
204
193
172
218
204
193
230
216
211
236
220
212
232
216
200
221
205
189
213
197
181
207
191
175
203
187
171
198
182
166
197
181
165
195
179
163
187
171
155
186
170
154
194
178
162
197
181
165
193
177
161
191
177
163
197
184
170
195
182
168
189
176
162
189
176
161
191
178
162
188
175
159
189
176
160
197
184
168
195
182
166
192
179
163
198
185
169
202
189
173
199
185
171
211
195
188
212
196
188
197
182
173
183
168
159
185
170
161
189
174
165
185
171
159
187
173
161
195
181
169
191
178
165
185
172
158
187
174
160
189
176
162
188
171
156
194
173
158
197
177
160
194
174
157
191
171
154
182
162
143
184
163
142
193
172
151
193
171
146
186
165
138
188
167
139
195
174
145
200
179
148
199
178
147
188
162
140
189
162
142
188
161
140
184
157
136
187
161
138
194
168
144
199
174
148
187
162
136
183
159
131
183
159
129
189
165
134
193
170
138
190
167
135
185
162
129
187
161
124
191
165
128
195
168
131
196
168
133
198
169
132
200
170
131
200
169
127
198
167
118
199
169
114
199
171
108
198
173
101
202
176
99
205
180
99
218
187
108
224
191
109
225
197
108
215
190
96
196
177
83
214
196
109
227
206
133
172
146
86
126
94
46
120
85
40
118
83
30
125
89
23
191
157
76
219
188
96
221
192
85
220
190
85
220
188
87
219
186
89
220
185
94
222
185
99
224
187
103
224
186
104
225
188
105
221
184
100
219
183
96
222
187
97
225
191
98
225
191
96
223
191
91
220
188
88
235
203
103
238
206
106
231
199
100
228
196
97
228
196
97
228
196
97
224
192
93
221
189
90
32
47
66
42
57
76
49
64
83
50
65
84
50
64
85
51
64
86
54
68
90
63
77
100
67
81
104
68
82
106
66
79
105
66
79
105
68
80
107
61
74
102
55
69
99
54
68
98
47
59
89
39
50
80
35
45
78
29
39
73
30
41
75
43
57
91
52
68
103
54
73
108
60
82
118
62
86
122
66
91
127
68
91
127
59
81
117
54
76
111
58
81
114
55
79
109
51
75
105
56
80
109
50
74
102
35
59
88
30
54
84
32
54
87
34
57
91
35
57
93
39
61
97
57
74
111
66
82
121
61
76
115
49
63
103
42
54
96
44
55
97
43
51
93
43
52
90
43
52
89
47
54
89
49
57
88
53
59
88
62
68
96
68
72
96
67
66
86
59
59
78
56
54
73
56
54
70
55
50
65
52
46
60
54
46
59
52
47
61
50
45
60
48
46
62
45
43
62
41
40
60
41
39
60
46
45
62
47
46
63
46
44
60
45
42
58
43
41
56
41
38
52
39
35
47
40
36
47
43
38
48
44
39
48
47
42
49
50
45
51
51
46
51
50
45
50
35
31
36
41
37
42
49
45
50
51
47
53
47
43
48
47
41
49
52
44
53
48
39
49
43
35
45
46
37
47
52
42
53
53
43
55
54
43
55
58
50
62
63
56
70
60
52
66
58
48
63
63
51
66
65
50
66
63
48
64
64
48
64
66
51
67
70
57
71
71
60
74
69
58
73
65
57
71
63
56
70
63
57
67
62
55
65
61
56
67
65
61
73
68
66
78
67
65
78
64
61
75
54
51
63
66
62
73
80
74
84
87
79
87
84
75
80
80
71
74
82
72
74
92
83
78
95
86
76
95
87
69
98
92
64
115
110
71
141
137
91
160
155
106
179
174
126
195
188
146
204
194
162
208
197
174
219
205
193
230
214
209
235
219
210
231
214
198
221
204
188
212
195
180
204
187
171
198
182
166
197
181
165
197
181
165
194
178
162
186
170
155
186
170
154
192
176
160
195
179
163
191
175
159
190
176
161
195
182
167
193
180
165
188
175
160
189
176
161
191
178
162
189
176
160
191
178
162
199
186
170
194
181
165
189
176
160
198
185
169
204
191
175
198
184
170
210
194
187
214
199
191
201
185
177
184
169
160
183
168
159
186
171
162
185
170
159
190
176
164
197
183
171
193
180
167
188
175
161
189
176
162
188
175
161
187
170
156
191
171
155
192
172
156
192
171
154
191
171
153
186
165
145
187
166
144
192
171
148
192
170
145
189
167
140
191
169
141
197
176
146
202
181
149
202
181
149
190
163
143
189
162
143
188
162
141
187
160
139
189
162
140
194
168
144
198
173
148
189
164
138
184
160
132
185
162
132
191
167
137
193
170
138
189
166
134
185
161
128
187
161
124
191
165
128
195
168
131
195
168
132
197
168
132
199
169
130
199
169
126
197
167
118
199
170
115
200
172
109
199
173
102
201
176
98
203
179
98
213
182
102
224
191
109
224
195
106
220
195
101
201
181
86
212
194
106
229
208
133
175
149
89
125
94
45
119
84
39
120
85
31
124
89
22
192
160
78
221
191
98
222
193
87
222
191
87
221
189
88
220
187
90
221
186
95
223
186
100
223
186
103
221
183
101
223
185
102
219
182
98
218
181
95
221
186
97
224
189
97
223
189
94
222
190
90
220
188
88
234
201
102
236
204
104
230
198
99
229
197
97
227
195
96
228
196
97
225
192
93
221
189
90
25
40
59
41
56
75
39
54
73
35
50
69
51
65
86
66
80
102
60
74
96
57
71
94
64
78
102
75
88
114
71
84
110
67
80
106
70
82
110
57
70
100
46
60
92
51
64
96
54
67
99
60
71
103
59
69
103
47
57
91
36
47
81
26
39
74
24
40
76
45
64
99
65
86
121
63
86
121
60
84
120
56
78
114
52
74
109
51
73
108
54
77
109
56
80
110
55
79
108
52
76
104
45
69
97
41
65
93
43
67
97
35
59
89
42
64
98
42
64
99
45
67
102
60
76
113
58
73
111
61
73
112
58
70
110
31
42
82
34
44
84
54
62
101
67
75
113
51
59
96
43
50
84
47
55
85
57
63
92
58
65
91
61
65
88
65
64
84
58
57
76
58
58
74
63
60
76
62
57
72
60
55
68
59
52
65
51
46
59
49
44
59
52
49
65
49
49
65
45
45
63
49
48
68
55
53
72
48
46
65
45
43
62
51
49
67
50
48
64
43
40
55
40
38
50
34
30
42
32
28
39
30
26
36
34
29
38
42
38
45
48
44
50
48
44
50
43
39
44
45
41
46
56
52
57
60
55
60
46
40
45
41
35
40
51
44
50
47
39
46
44
35
42
56
45
53
63
52
60
55
44
52
59
48
56
69
59
69
73
63
75
65
55
67
59
48
60
70
56
68
71
55
66
66
50
61
68
52
64
66
49
62
62
48
60
69
57
69
78
67
79
81
71
83
79
71
82
77
69
77
72
65
72
71
66
75
79
74
84
85
82
93
85
83
95
81
79
91
63
59
71
65
61
71
76
70
78
81
74
80
77
69
71
81
70
72
96
86
86
127
118
111
160
151
139
172
165
143
164
157
126
168
162
120
191
186
137
205
198
148
203
196
146
209
201
155
216
205
170
220
206
182
222
207
192
229
211
205
233
216
205
228
209
194
220
201
186
212
193
178
196
177
162
187
169
154
195
179
163
198
182
166
191
175
159
184
168
152
185
169
153
189
173
157
189
173
157
186
170
154
187
174
158
190
177
161
187
174
158
185
172
156
190
177
161
194
181
165
190
177
161
195
182
166
203
190
174
190
177
161
181
168
152
199
186
170
209
196
180
196
183
168
208
192
185
220
205
197
211
196
187
187
172
163
177
162
153
179
164
155
184
170
158
197
183
171
203
189
177
199
185
172
194
181
167
195
182
168
186
173
159
186
169
154
187
166
151
182
161
146
186
163
147
193
171
152
195
174
152
194
172
149
189
167
142
190
169
142
195
173
145
198
177
146
202
181
150
208
186
154
210
187
155
195
168
149
190
162
145
191
164
144
194
167
147
194
167
147
195
168
145
199
173
149
193
168
142
188
163
136
191
167
139
197
173
144
194
170
140
187
163
133
184
160
127
188
162
125
191
165
128
194
167
132
194
166
131
196
166
131
197
167
130
198
168
125
198
167
119
201
171
116
202
174
110
200
175
103
200
175
96
200
176
94
200
170
87
226
192
108
221
191
102
232
208
112
212
193
95
208
189
98
234
213
135
183
159
95
124
95
44
116
83
36
126
91
35
123
89
21
197
166
84
227
197
104
226
196
92
226
195
91
223
191
92
221
188
93
225
189
99
226
189
104
222
184
102
216
178
96
217
179
96
215
178
93
215
179
92
220
185
95
221
187
94
218
185
89
220
188
88
220
188
88
231
199
99
231
199
99
229
197
97
230
198
98
227
195
95
228
196
96
226
194
94
222
190
90
25
40
59
41
56
75
39
54
73
35
50
69
51
65
86
66
80
102
60
74
96
57
71
94
64
78
102
75
88
114
71
84
110
67
80
106
70
82
110
57
70
100
46
60
92
51
64
96
54
67
99
60
71
103
59
69
103
47
57
91
36
47
81
26
39
74
24
40
76
45
64
99
65
86
121
63
86
121
60
84
120
56
78
114
52
74
109
51
73
108
54
77
109
56
80
110
55
79
108
52
76
104
45
69
97
41
65
93
43
67
97
35
59
89
42
64
98
42
64
99
45
67
102
60
76
113
58
73
111
61
73
112
58
70
110
31
42
82
34
44
84
54
62
101
67
75
113
51
59
96
43
50
84
47
55
85
57
63
92
58
65
91
61
65
88
65
64
84
58
57
76
58
58
74
63
60
76
62
57
72
60
55
68
59
52
65
51
46
59
49
44
59
52
49
65
49
49
65
45
45
63
49
48
68
55
53
72
48
46
65
45
43
62
51
49
67
50
48
64
43
40
55
40
38
50
34
30
42
32
28
39
30
26
36
34
29
38
42
38
45
48
44
50
48
44
50
43
39
44
45
41
46
56
52
57
60
55
60
46
40
45
41
35
40
51
44
50
47
39
46
44
35
42
56
45
53
63
52
60
55
44
52
59
48
56
69
59
69
73
63
75
65
55
67
59
48
60
70
56
68
71
55
66
66
50
61
68
52
64
66
49
62
62
48
60
69
57
69
78
67
79
81
71
83
79
71
82
77
69
77
72
65
72
71
66
75
79
74
84
85
82
93
85
83
95
81
79
91
63
59
71
65
61
71
76
70
78
81
74
80
77
69
71
81
70
72
96
86
86
127
118
111
160
151
139
172
165
143
164
157
126
168
162
120
191
186
137
205
198
148
203
196
146
209
201
155
216
205
170
220
206
182
222
207
192
229
211
205
233
216
205
228
209
194
220
201
186
212
193
178
196
177
162
187
169
154
195
179
163
198
182
166
191
175
159
184
168
152
185
169
153
189
173
157
189
173
157
186
170
154
187
174
158
190
177
161
187
174
158
185
172
156
190
177
161
194
181
165
190
177
161
195
182
166
203
190
174
190
177
161
181
168
152
199
186
170
209
196
180
196
183
168
208
192
185
220
205
197
211
196
187
187
172
163
177
162
153
179
164
155
184
170
158
197
183
171
203
189
177
199
185
172
194
181
167
195
182
168
186
173
159
186
169
154
187
166
151
182
161
146
186
163
147
193
171
152
195
174
152
194
172
149
189
167
142
190
169
142
195
173
145
198
177
146
202
181
150
208
186
154
210
187
155
195
168
149
190
162
145
191
164
144
194
167
147
194
167
147
195
168
145
199
173
149
193
168
142
188
163
136
191
167
139
197
173
144
194
170
140
187
163
133
184
160
127
188
162
125
191
165
128
194
167
132
194
166
131
196
166
131
197
167
130
198
168
125
198
167
119
201
171
116
202
174
110
200
175
103
200
175
96
200
176
94
200
170
87
226
192
108
221
191
102
232
208
112
212
193
95
208
189
98
234
213
135
183
159
95
124
95
44
116
83
36
126
91
35
123
89
21
197
166
84
227
197
104
226
196
92
226
195
91
223
191
92
221
188
93
225
189
99
226
189
104
222
184
102
216
178
96
217
179
96
215
178
93
215
179
92
220
185
95
221
187
94
218
185
89
220
188
88
220
188
88
231
199
99
231
199
99
229
197
97
230
198
98
227
195
95
228
196
96
226
194
94
222
190
90
27
42
60
35
51
69
40
55
74
43
57
77
47
62
83
49
63
85
46
60
83
46
60
83
55
68
94
68
80
107
69
81
109
68
80
107
66
78
106
64
76
107
65
80
113
57
71
104
50
62
96
47
59
93
49
59
93
48
58
92
43
54
89
36
48
84
36
50
86
45
64
99
54
75
110
52
75
110
50
75
110
55
76
111
54
74
109
52
73
106
54
75
106
58
80
110
60
83
110
60
84
110
60
84
110
52
75
102
52
75
104
46
67
98
49
71
103
47
67
102
50
70
105
55
69
105
61
75
111
65
76
114
56
67
105
32
41
81
27
36
75
38
46
85
57
65
103
58
66
102
57
65
97
54
62
91
55
62
90
59
66
92
65
70
93
64
65
85
55
55
74
56
55
71
63
60
76
61
57
72
57
53
65
54
49
61
52
48
60
51
48
62
55
52
68
51
50
67
47
47
66
48
48
68
46
45
65
42
41
61
44
43
63
48
47
66
46
45
63
40
38
55
36
35
50
41
38
52
35
33
45
31
28
39
33
28
39
37
33
43
40
37
45
39
36
45
50
46
51
47
43
47
51
46
49
50
45
48
45
39
42
51
44
47
63
56
59
56
47
51
57
47
50
63
52
56
68
58
61
72
60
63
77
64
68
81
70
73
83
72
77
79
66
72
73
59
65
79
65
69
80
63
67
79
62
67
78
61
66
77
60
65
79
65
70
90
77
84
97
86
93
97
87
95
93
85
93
85
78
82
81
75
78
76
71
75
73
69
75
71
68
76
72
69
79
75
72
82
77
73
83
64
60
66
56
50
55
53
46
48
57
48
47
76
66
63
102
92
87
131
124
113
157
150
134
176
169
146
185
177
145
192
185
143
204
195
146
207
197
145
207
196
146
217
205
160
223
209
173
220
205
179
212
196
180
208
191
180
207
189
177
209
190
175
214
195
180
216
197
182
204
185
170
193
174
159
193
175
160
199
180
165
197
180
164
191
175
159
187
171
156
186
170
154
185
169
153
184
167
151
188
174
157
190
176
158
187
173
156
186
172
154
192
177
161
197
182
167
195
181
165
190
175
159
189
174
158
184
170
155
192
176
163
208
193
179
207
192
178
190
174
162
197
179
172
205
188
180
198
181
173
183
166
157
178
161
152
176
159
150
177
161
150
189
174
162
194
178
167
189
174
161
185
170
157
190
174
161
186
170
157
185
166
153
185
164
149
182
160
145
183
160
144
186
164
146
189
167
146
190
168
144
189
167
141
194
172
144
201
180
150
203
182
151
206
183
152
206
183
151
203
180
148
200
172
153
197
169
152
198
170
152
198
170
152
193
167
146
191
164
142
192
166
143
195
169
145
193
168
142
196
172
145
198
174
146
193
169
139
187
163
133
188
164
132
192
166
130
195
169
133
196
169
134
196
168
133
197
167
132
197
168
130
200
169
127
202
171
123
205
175
119
204
176
112
202
177
104
202
176
98
202
178
95
204
174
89
226
192
106
222
194
101
229
205
105
212
194
93
206
189
95
227
207
126
191
167
101
138
110
56
126
94
43
125
91
36
112
79
13
185
154
71
221
192
99
224
194
90
224
193
90
221
189
90
220
186
91
223
188
98
224
187
102
220
182
100
219
181
99
223
185
103
222
185
101
220
183
96
220
185
96
221
187
94
221
187
92
224
192
93
224
192
92
229
197
97
224
192
92
221
190
87
228
196
94
226
195
92
224
194
90
222
192
88
221
191
87
27
43
60
34
50
67
41
56
75
45
60
79
47
61
82
45
59
81
43
57
80
43
57
81
53
66
92
66
79
106
68
80
108
68
80
108
66
77
106
66
78
109
71
86
119
60
73
106
49
61
95
44
56
90
46
56
90
49
59
93
45
56
91
39
51
87
40
53
89
46
65
100
51
72
107
49
72
107
48
73
107
55
76
111
54
74
109
52
73
105
54
75
106
59
80
110
62
85
112
63
86
112
65
88
114
55
78
105
55
77
106
49
70
101
52
73
104
48
68
103
51
71
106
53
67
103
62
75
112
66
77
115
55
66
104
33
41
81
25
33
73
33
42
80
55
62
100
61
68
104
62
69
101
56
64
93
55
62
89
60
67
92
67
71
94
65
66
86
54
55
73
55
54
71
63
60
76
61
58
72
56
52
64
53
49
61
52
48
60
52
49
63
56
53
69
52
51
68
48
48
67
48
49
69
43
43
63
41
40
60
44
43
63
48
47
66
45
44
63
39
38
55
35
34
50
43
40
55
37
35
47
31
28
40
32
28
39
36
32
43
38
35
44
37
34
43
52
48
53
48
44
48
50
45
47
48
43
45
45
39
42
54
47
50
66
59
62
59
50
52
60
51
52
65
54
56
70
59
61
77
64
66
82
69
71
85
72
75
86
75
78
83
70
73
77
63
67
82
68
70
82
65
68
82
65
68
81
64
67
79
62
66
84
69
73
96
83
89
102
91
97
101
92
99
97
89
96
87
81
83
83
78
79
78
73
76
72
68
73
68
64
72
69
66
75
73
70
79
81
78
87
64
59
65
51
45
49
46
38
40
51
42
40
75
65
61
104
94
87
132
126
114
157
150
133
178
171
147
191
183
151
199
192
150
207
197
149
208
197
145
208
197
146
219
206
161
224
210
174
220
205
178
210
194
177
202
185
174
199
182
170
204
185
170
213
194
179
218
199
184
207
188
173
195
176
161
192
173
158
199
180
165
198
181
166
193
177
161
188
172
156
185
169
153
183
167
151
183
167
151
189
174
157
190
176
158
187
173
155
186
172
154
192
178
161
198
183
167
197
182
166
188
173
157
185
170
154
183
168
153
195
179
166
211
195
182
207
191
178
188
172
160
194
176
169
201
184
176
195
178
169
182
165
156
178
161
152
175
158
149
175
159
147
187
171
159
192
176
164
187
171
158
183
167
154
189
173
160
186
170
157
185
165
153
184
163
149
182
160
145
182
159
143
184
163
144
187
165
144
190
167
143
189
167
141
195
173
145
203
182
151
205
183
152
207
183
153
205
182
150
201
178
146
201
174
154
199
171
154
199
171
154
199
171
153
193
166
146
190
163
142
191
165
141
196
170
145
195
170
144
198
173
146
199
175
147
193
169
139
187
163
133
189
165
133
194
168
132
196
170
134
197
170
134
196
168
133
197
167
132
198
168
131
200
170
128
203
172
124
206
177
120
205
177
113
203
178
104
203
177
99
202
179
95
205
175
90
226
192
105
223
194
101
228
204
104
212
194
92
206
189
94
225
206
124
194
170
102
142
114
59
128
97
45
124
91
36
109
76
11
182
151
67
220
191
98
223
193
89
224
192
90
221
189
90
219
186
91
223
187
97
223
186
102
219
181
99
220
182
100
225
187
105
224
187
103
221
185
98
221
186
96
221
187
94
222
188
93
226
194
95
225
193
93
229
197
97
223
191
91
219
188
85
227
196
93
226
195
92
223
193
88
222
192
87
221
191
86
28
44
61
31
47
64
39
54
72
45
60
79
45
59
80
41
55
77
40
54
77
41
55
79
50
63
89
63
75
102
67
79
107
67
79
107
63
75
104
62
75
106
68
83
116
59
72
106
52
64
99
49
61
95
48
58
93
50
60
95
48
59
94
45
57
93
47
60
96
49
67
102
50
70
105
48
70
105
47
72
106
53
75
109
54
74
108
52
73
105
55
76
106
59
80
109
62
84
111
63
85
111
64
87
112
54
76
103
55
77
105
50
71
102
53
74
106
50
70
104
56
75
110
58
71
108
61
73
110
62
72
110
56
66
104
46
55
94
40
47
87
39
48
86
51
58
96
58
65
100
61
68
100
57
64
93
56
63
90
62
69
94
69
74
96
65
66
86
54
55
73
55
55
72
64
61
77
62
59
73
56
53
65
52
48
60
51
48
60
52
49
64
54
52
68
50
50
67
48
48
67
47
48
68
44
44
65
43
42
63
44
43
64
45
45
64
42
41
60
37
36
54
34
33
50
43
41
56
36
34
47
32
30
42
35
31
43
37
34
45
38
35
45
37
34
44
47
43
47
47
43
46
50
45
47
50
44
46
47
41
43
54
47
49
64
57
59
60
51
51
62
52
52
65
54
54
69
58
58
76
64
63
81
68
68
82
70
70
85
73
73
82
69
70
77
62
64
81
66
66
81
64
64
83
66
66
85
68
68
86
68
70
89
73
74
95
81
85
97
85
89
94
85
89
90
82
87
82
75
76
77
71
71
70
65
66
64
60
64
63
59
64
65
62
69
69
66
74
73
69
77
62
57
62
55
49
52
52
44
44
51
43
39
65
54
49
84
74
66
109
103
89
133
126
108
159
152
128
179
170
138
191
183
142
202
191
143
206
194
143
211
198
149
219
205
161
221
205
170
215
199
172
209
192
175
205
188
175
202
184
171
207
188
173
217
197
182
219
200
185
206
187
172
195
176
161
192
173
158
196
177
162
196
179
164
194
178
162
191
175
159
187
172
155
186
170
154
186
170
154
192
178
160
193
179
161
189
175
157
187
173
155
192
177
160
196
182
165
196
181
164
187
172
156
183
168
152
183
168
154
196
180
167
209
193
180
205
189
176
189
173
161
194
176
169
200
182
174
194
177
168
184
167
158
182
165
157
179
162
152
176
161
149
186
170
158
190
174
162
184
168
155
181
165
152
186
170
157
184
168
155
184
165
152
185
163
150
183
161
146
183
160
144
183
162
143
186
164
142
189
166
142
188
166
140
194
172
144
202
181
150
203
181
150
205
181
151
204
181
149
200
177
145
199
172
153
198
170
153
199
171
154
199
171
153
193
166
147
190
163
142
192
165
142
197
171
147
197
172
146
199
175
148
199
175
147
192
168
139
188
164
134
191
166
135
195
169
133
197
171
135
197
170
135
196
168
133
197
167
132
198
169
131
201
171
128
204
173
124
206
177
120
205
177
113
203
178
104
203
177
98
203
179
95
207
176
91
225
191
104
224
195
101
226
202
102
212
194
91
205
188
92
222
203
120
196
173
104
143
116
60
125
94
42
122
89
34
110
78
12
182
152
68
221
193
100
223
193
90
223
192
90
220
188
90
218
185
90
221
186
97
222
186
101
219
181
99
219
181
100
225
187
105
225
187
104
221
185
97
220
185
95
221
187
94
222
189
94
225
193
94
225
193
94
230
198
98
222
191
90
218
187
84
227
196
92
226
195
91
223
193
87
221
192
86
221
191
86
32
48
65
24
40
57
34
49
67
47
62
81
39
54
75
29
43
65
33
47
70
37
51
75
43
56
83
54
66
94
63
74
103
64
75
105
57
68
98
54
67
98
59
74
109
57
71
107
62
74
110
60
72
108
54
63
100
55
64
101
57
68
104
62
74
110
66
79
115
57
73
109
47
67
102
46
67
102
45
69
103
51
72
106
53
72
105
53
72
105
57
77
107
60
81
109
62
83
110
62
84
109
62
84
109
50
71
98
56
77
104
55
76
105
58
77
109
56
75
108
68
87
121
71
83
119
61
70
107
51
60
97
57
66
104
81
90
128
78
85
124
56
63
101
40
47
84
52
58
92
58
66
97
58
65
94
59
66
93
68
75
100
75
80
102
68
69
89
56
56
75
56
56
74
66
65
81
65
62
76
57
54
66
50
46
58
50
47
59
54
51
65
50
49
65
47
47
65
48
48
67
47
48
68
47
47
70
48
48
72
45
45
68
37
38
59
34
34
55
33
32
52
30
30
49
44
43
59
35
34
50
35
34
48
41
39
52
41
39
51
38
36
48
38
36
48
36
31
33
45
40
42
53
48
50
54
49
50
53
47
48
57
49
49
60
52
51
62
53
50
66
56
52
64
53
49
65
54
50
75
63
57
78
66
60
76
64
58
82
69
63
81
67
61
77
62
56
80
64
57
80
62
55
85
67
60
97
79
72
103
84
78
100
84
78
92
77
74
83
70
69
77
66
66
73
63
63
67
60
56
59
53
48
49
44
42
46
41
41
49
44
46
55
50
54
58
54
59
53
47
52
57
52
53
66
60
59
68
60
55
53
44
36
36
26
17
31
22
9
48
41
24
71
65
44
109
102
76
146
137
105
172
160
120
188
175
129
202
188
140
220
204
157
220
204
161
212
194
159
205
186
158
209
190
170
212
194
178
211
192
177
217
196
181
228
207
192
224
203
188
205
186
171
194
175
160
190
171
156
189
170
155
191
175
159
198
182
166
197
181
165
194
178
162
193
177
161
194
178
162
202
188
170
202
188
170
194
180
162
189
175
157
191
176
159
193
178
162
191
176
160
184
169
153
177
161
148
184
168
155
200
184
171
206
190
177
199
183
171
191
175
164
195
177
170
196
178
170
192
175
166
191
174
165
195
178
169
188
171
162
180
164
152
183
167
155
185
169
157
178
162
149
174
158
145
180
164
151
181
165
152
182
162
150
185
163
151
188
165
150
185
162
146
181
159
140
183
161
138
186
165
139
186
165
137
192
171
143
199
178
147
199
177
146
200
176
146
200
176
146
197
173
143
195
167
150
195
166
151
199
170
155
199
171
154
193
166
147
191
164
144
195
168
147
200
174
150
203
177
152
204
179
153
199
174
147
191
167
139
189
165
137
195
171
141
200
174
138
200
174
138
199
172
138
197
169
135
197
167
132
199
170
132
203
172
130
206
175
126
207
178
121
206
178
114
203
178
104
203
178
97
203
180
95
211
180
94
224
189
101
227
197
101
221
198
96
211
193
89
204
188
90
215
196
110
203
180
110
147
121
64
117
86
33
117
85
29
112
81
14
185
157
72
226
198
104
224
192
93
222
190
91
219
185
89
216
182
90
220
183
96
221
184
100
218
180
98
217
178
98
226
188
105
226
189
105
221
184
97
219
185
93
221
187
93
224
190
95
225
193
94
227
195
96
232
200
100
223
192
89
217
186
83
226
196
91
225
196
90
222
193
85
221
192
84
222
193
85
32
48
65
24
40
57
34
49
67
47
62
81
39
54
75
29
43
65
33
47
70
37
51
75
43
56
83
54
66
94
63
74
103
64
75
105
57
68
98
54
67
98
59
74
109
57
71
107
62
74
110
60
72
108
54
63
100
55
64
101
57
68
104
62
74
110
66
79
115
57
73
109
47
67
102
46
67
102
45
69
103
51
72
106
53
72
105
53
72
105
57
77
107
60
81
109
62
83
110
62
84
109
62
84
109
50
71
98
56
77
104
55
76
105
58
77
109
56
75
108
68
87
121
71
83
119
61
70
107
51
60
97
57
66
104
81
90
128
78
85
124
56
63
101
40
47
84
52
58
92
58
66
97
58
65
94
59
66
93
68
75
100
75
80
102
68
69
89
56
56
75
56
56
74
66
65
81
65
62
76
57
54
66
50
46
58
50
47
59
54
51
65
50
49
65
47
47
65
48
48
67
47
48
68
47
47
70
48
48
72
45
45
68
37
38
59
34
34
55
33
32
52
30
30
49
44
43
59
35
34
50
35
34
48
41
39
52
41
39
51
38
36
48
38
36
48
36
31
33
45
40
42
53
48
50
54
49
50
53
47
48
57
49
49
60
52
51
62
53
50
66
56
52
64
53
49
65
54
50
75
63
57
78
66
60
76
64
58
82
69
63
81
67
61
77
62
56
80
64
57
80
62
55
85
67
60
97
79
72
103
84
78
100
84
78
92
77
74
83
70
69
77
66
66
73
63
63
67
60
56
59
53
48
49
44
42
46
41
41
49
44
46
55
50
54
58
54
59
53
47
52
57
52
53
66
60
59
68
60
55
53
44
36
36
26
17
31
22
9
48
41
24
71
65
44
109
102
76
146
137
105
172
160
120
188
175
129
202
188
140
220
204
157
220
204
161
212
194
159
205
186
158
209
190
170
212
194
178
211
192
177
217
196
181
228
207
192
224
203
188
205
186
171
194
175
160
190
171
156
189
170
155
191
175
159
198
182
166
197
181
165
194
178
162
193
177
161
194
178
162
202
188
170
202
188
170
194
180
162
189
175
157
191
176
159
193
178
162
191
176
160
184
169
153
177
161
148
184
168
155
200
184
171
206
190
177
199
183
171
191
175
164
195
177
170
196
178
170
192
175
166
191
174
165
195
178
169
188
171
162
180
164
152
183
167
155
185
169
157
178
162
149
174
158
145
180
164
151
181
165
152
182
162
150
185
163
151
188
165
150
185
162
146
181
159
140
183
161
138
186
165
139
186
165
137
192
171
143
199
178
147
199
177
146
200
176
146
200
176
146
197
173
143
195
167
150
195
166
151
199
170
155
199
171
154
193
166
147
191
164
144
195
168
147
200
174
150
203
177
152
204
179
153
199
174
147
191
167
139
189
165
137
195
171
141
200
174
138
200
174
138
199
172
138
197
169
135
197
167
132
199
170
132
203
172
130
206
175
126
207
178
121
206
178
114
203
178
104
203
178
97
203
180
95
211
180
94
224
189
101
227
197
101
221
198
96
211
193
89
204
188
90
215
196
110
203
180
110
147
121
64
117
86
33
117
85
29
112
81
14
185
157
72
226
198
104
224
192
93
222
190
91
219
185
89
216
182
90
220
183
96
221
184
100
218
180
98
217
178
98
226
188
105
226
189
105
221
184
97
219
185
93
221
187
93
224
190
95
225
193
94
227
195
96
232
200
100
223
192
89
217
186
83
226
196
91
225
196
90
222
193
85
221
192
84
222
193
85
33
49
66
19
35
52
24
40
58
38
53
72
36
50
71
31
45
67
38
52
75
44
57
83
44
56
83
46
58
87
57
68
98
60
71
102
52
63
94
46
59
92
43
59
95
52
67
103
70
83
119
73
85
121
60
71
107
61
70
107
64
75
111
72
84
120
77
91
127
63
79
115
50
69
104
50
71
106
48
70
105
48
68
102
50
69
102
53
73
104
56
77
106
58
79
106
56
77
103
53
75
100
54
76
101
44
65
91
54
75
102
55
76
105
55
75
105
54
74
106
72
91
125
70
79
114
55
63
99
40
48
85
53
61
98
103
110
149
107
113
153
78
84
121
49
55
91
47
53
87
48
55
85
55
62
90
65
72
97
74
82
105
77
83
105
71
73
93
62
63
83
63
65
83
69
69
86
66
64
79
57
54
68
52
49
63
53
51
65
51
50
65
39
39
55
33
34
53
34
36
56
35
38
58
40
43
67
47
50
74
48
49
74
44
45
69
43
44
67
41
42
64
36
37
57
25
26
45
11
11
28
8
8
22
11
9
24
10
9
23
9
8
20
10
10
23
27
22
24
43
38
40
55
50
52
58
52
53
59
52
52
59
52
50
59
50
46
61
52
45
63
53
45
60
50
41
59
47
37
60
49
37
60
47
35
58
45
32
61
47
33
60
44
31
57
41
27
64
47
32
64
46
30
69
50
35
82
63
48
86
69
54
79
63
49
65
52
40
60
48
39
67
56
49
76
66
60
74
68
58
61
55
44
43
38
30
42
37
32
47
42
40
47
42
42
41
37
37
52
47
47
47
41
38
45
38
32
47
38
28
46
37
23
49
39
23
58
48
29
47
41
21
45
40
15
55
47
19
72
61
29
98
84
46
142
126
83
177
158
115
202
183
141
216
196
157
217
197
163
215
195
167
217
198
174
212
194
175
205
186
170
215
194
179
232
211
196
224
203
188
200
181
166
191
172
157
189
170
155
188
171
155
192
176
160
200
184
168
200
185
169
196
181
165
193
178
162
192
177
161
206
191
174
205
191
173
197
184
165
193
178
161
192
177
161
192
177
161
189
173
159
188
172
158
188
172
159
192
176
164
195
179
167
193
177
164
194
177
167
199
182
173
200
182
175
198
180
172
194
177
168
197
180
171
203
186
177
199
182
173
192
176
164
194
178
166
196
180
168
189
173
160
181
165
152
181
165
152
180
164
151
182
163
150
189
167
155
194
173
158
192
169
153
185
164
143
183
163
139
185
164
138
185
164
136
191
170
142
196
175
144
192
171
140
196
174
145
203
180
152
205
181
153
198
170
153
197
168
153
200
171
156
200
172
155
195
167
150
195
168
148
201
174
154
206
179
157
205
179
155
202
177
152
196
171
145
190
166
138
191
167
139
196
172
142
199
173
138
200
173
138
198
170
136
196
168
134
196
166
131
199
169
132
201
171
129
202
171
123
204
175
118
204
176
111
202
176
103
202
177
97
203
180
95
213
183
96
221
187
96
227
197
100
217
194
89
212
196
88
205
189
89
209
192
104
214
193
119
151
125
65
101
71
16
109
79
20
123
93
22
196
168
83
227
201
107
226
195
96
223
190
93
216
183
89
213
178
87
217
181
95
221
184
101
220
182
102
218
179
99
224
187
104
225
187
103
220
184
96
221
187
95
226
192
98
227
194
97
221
189
91
226
194
95
237
205
105
232
200
98
225
195
91
227
197
90
226
197
89
228
199
90
226
197
88
227
198
89
34
50
67
18
34
51
22
37
55
35
50
69
35
49
70
31
45
67
40
53
77
47
60
86
44
57
84
44
56
85
55
66
96
59
70
102
50
61
93
44
56
90
38
54
90
51
66
102
72
86
122
77
89
125
62
74
110
63
72
109
66
77
113
75
87
123
81
94
130
66
82
118
51
71
106
52
72
107
49
71
106
47
67
101
50
69
102
53
73
104
57
78
106
57
78
106
54
75
101
51
73
98
52
74
99
42
64
89
53
74
102
56
77
105
54
75
105
54
73
106
74
93
126
69
78
112
53
61
96
36
44
81
52
60
97
109
117
155
116
123
162
85
91
128
52
58
94
45
52
86
46
52
82
54
61
88
66
73
99
76
84
107
78
84
106
72
75
95
64
66
85
65
67
85
71
71
87
66
64
80
57
54
69
52
49
64
55
52
67
51
50
65
36
36
52
29
30
49
30
33
52
31
34
55
38
42
66
46
50
75
49
50
76
46
47
72
45
47
71
44
46
68
38
39
60
20
21
41
4
4
21
0
0
14
1
0
16
1
0
14
0
0
11
2
2
16
25
20
22
43
38
40
56
51
52
59
54
53
61
53
53
60
53
50
59
50
45
61
52
44
62
52
43
59
49
39
57
45
34
56
45
31
54
41
27
53
39
24
55
40
24
53
37
21
51
35
18
60
42
25
59
41
22
65
45
27
78
59
41
81
64
47
73
57
41
57
44
30
53
42
30
64
53
44
77
68
59
77
70
58
61
55
42
41
37
27
41
36
29
47
42
38
45
40
38
37
32
31
52
47
46
44
37
33
39
32
24
41
32
20
44
35
19
53
43
26
67
56
36
46
42
20
37
32
7
38
30
1
49
38
5
76
61
24
128
111
69
169
149
108
197
177
136
215
193
155
219
198
165
219
198
170
220
200
176
213
194
174
204
185
168
214
193
178
233
212
197
224
203
188
198
179
164
191
172
157
190
171
156
188
171
156
193
177
161
201
185
169
201
186
170
197
182
166
193
178
162
192
177
161
207
192
175
206
192
174
199
185
167
194
180
163
192
177
161
191
176
160
188
173
159
189
173
160
191
175
162
195
179
167
193
177
165
189
173
161
192
175
166
202
185
176
202
184
177
199
181
173
195
178
169
198
181
172
205
188
179
203
186
176
196
180
168
197
181
169
199
183
171
192
176
163
184
168
155
182
166
153
180
164
151
182
163
151
191
169
157
196
175
161
194
171
155
186
165
144
184
163
140
185
165
138
185
164
137
191
170
142
195
174
143
190
169
139
195
173
145
204
181
153
208
184
156
199
171
154
198
169
154
201
172
157
200
172
156
196
168
151
196
169
150
203
176
156
208
181
159
206
180
156
202
177
152
195
170
144
190
166
138
192
168
140
197
172
143
199
172
138
200
173
139
198
170
136
195
167
133
196
166
131
199
170
132
201
171
128
202
171
121
204
175
117
203
176
110
201
176
102
202
178
96
203
180
95
214
184
96
220
186
95
227
198
100
215
193
87
213
196
87
206
190
88
208
191
102
217
197
122
152
127
65
97
67
11
107
78
18
127
97
25
200
172
86
228
202
108
227
196
97
224
191
94
216
182
88
212
178
87
217
180
95
221
184
101
221
182
103
218
179
100
224
186
104
224
187
102
220
184
96
222
188
96
228
194
100
228
195
98
220
188
90
226
194
95
238
206
106
234
203
101
228
198
93
227
198
90
227
198
89
229
200
91
227
198
89
229
200
91
32
48
65
18
34
51
21
36
54
34
48
67
36
50
71
35
48
71
42
56
79
50
63
89
45
57
85
42
54
83
53
64
95
58
69
101
51
62
94
47
59
93
42
58
95
52
67
103
70
84
120
74
85
122
60
71
108
63
73
110
66
77
113
73
85
121
79
93
129
64
81
116
52
71
106
53
73
109
50
72
106
47
67
101
49
69
101
52
72
103
54
75
103
55
76
103
52
74
100
50
72
97
52
74
99
43
65
90
55
76
103
55
76
104
52
72
102
50
70
102
70
89
122
64
73
107
55
63
98
40
48
84
50
57
94
101
108
147
109
116
154
82
88
124
57
63
99
49
55
89
47
53
84
55
61
89
67
74
99
76
84
107
78
84
106
72
76
96
66
68
88
67
69
88
71
71
88
64
62
78
55
53
68
50
48
63
51
49
64
46
45
61
31
31
48
23
25
43
24
27
46
25
28
49
30
34
59
37
41
68
42
44
70
41
43
69
41
44
68
39
41
64
31
33
54
15
17
37
3
4
22
3
4
19
8
8
25
11
11
26
13
13
26
17
17
31
36
31
33
51
45
47
60
54
55
62
56
56
66
58
57
70
63
59
71
61
56
69
59
51
68
59
48
68
58
46
66
54
40
60
49
34
57
44
28
56
43
25
58
42
24
55
39
20
55
38
18
64
46
26
63
45
24
68
48
28
78
60
39
79
62
43
70
54
35
51
38
23
47
36
23
59
48
37
74
64
53
75
68
54
61
55
41
45
40
28
45
39
31
51
46
40
49
44
41
42
37
34
47
42
40
44
37
32
45
37
28
49
40
27
51
41
24
56
46
26
64
53
31
52
47
24
42
37
11
41
32
3
48
36
4
68
52
18
112
94
54
147
125
86
167
146
107
188
165
129
198
176
143
205
184
155
215
195
170
214
196
174
207
188
170
218
197
182
238
219
204
232
212
197
206
187
172
196
177
162
194
176
160
188
171
155
188
172
156
194
178
162
195
180
164
193
178
162
190
176
160
190
176
160
203
189
172
203
189
171
197
183
165
194
180
163
193
178
163
193
177
162
190
174
161
190
174
161
194
178
165
196
180
168
192
176
165
188
172
161
192
175
166
201
183
175
200
182
175
197
180
172
193
176
167
196
179
170
202
185
176
201
184
174
196
180
168
200
184
172
203
187
175
196
180
167
187
171
158
183
168
154
181
164
151
182
163
151
191
169
157
197
176
162
195
173
157
188
167
146
185
164
141
184
164
138
186
165
137
193
172
144
198
177
147
193
172
142
198
175
148
208
184
157
210
187
159
203
175
158
201
172
157
202
173
158
201
172
156
196
168
151
196
169
150
203
176
156
209
182
160
206
180
157
201
175
151
194
169
143
190
166
139
192
168
140
196
171
142
198
171
137
198
171
137
197
169
135
195
166
132
195
165
131
198
169
131
201
170
128
201
170
120
203
174
116
202
175
110
201
176
102
202
178
96
204
181
95
214
185
96
219
185
93
227
197
99
215
192
86
214
197
88
207
191
89
208
191
101
221
200
125
157
132
70
98
69
13
107
77
17
127
98
25
200
172
86
227
201
107
228
196
98
224
191
95
216
182
88
212
176
87
216
179
95
221
184
102
222
183
104
221
182
103
225
187
105
224
187
102
221
185
97
224
190
97
230
196
101
229
196
99
222
189
91
226
194
95
238
206
106
236
205
102
230
200
95
228
199
91
227
198
90
230
201
92
228
199
90
230
202
92
28
44
61
20
36
53
19
35
52
28
44
62
39
53
74
45
59
81
49
63
87
60
72
99
49
60
89
37
48
78
49
60
91
58
69
101
53
64
96
56
68
103
55
71
108
55
71
108
64
78
115
64
75
113
55
65
103
66
75
112
66
77
113
69
81
117
76
89
125
62
78
114
53
73
108
57
77
112
53
74
109
49
69
102
49
69
100
49
69
100
48
69
97
48
69
96
49
71
96
50
72
95
54
77
99
48
70
95
59
81
106
55
76
103
46
66
96
41
61
92
61
80
112
51
60
94
61
70
104
49
57
92
45
51
88
79
85
122
91
97
134
73
79
116
73
79
114
60
66
98
52
58
88
57
63
91
69
76
101
79
87
109
80
87
108
74
79
100
72
76
96
74
75
95
72
72
90
58
57
73
49
49
64
44
44
58
40
40
55
32
32
48
16
17
35
6
8
28
5
10
30
7
12
33
7
11
38
12
16
45
21
25
54
27
30
58
30
33
60
23
27
52
13
16
40
3
6
27
1
3
24
13
14
34
30
32
51
41
43
61
51
52
70
60
60
78
69
64
66
74
67
69
70
64
65
70
63
63
81
74
71
99
91
85
106
97
87
91
82
70
88
79
63
93
83
65
91
80
60
73
62
42
67
54
32
67
53
30
66
50
24
61
44
18
65
46
19
78
60
31
76
57
29
78
58
30
80
62
33
76
59
31
62
46
20
36
22
1
31
18
2
46
35
17
64
54
36
70
64
44
63
57
38
55
48
32
57
52
38
63
58
48
63
57
49
59
53
46
34
28
21
45
38
28
62
54
39
73
64
46
71
61
39
63
52
26
57
46
18
69
66
38
55
51
22
48
40
10
44
32
2
46
28
0
67
44
10
80
55
21
82
55
21
110
84
51
136
112
81
165
143
114
201
180
154
219
200
174
216
198
177
230
209
194
252
242
227
255
240
225
229
210
195
213
194
179
209
191
176
187
171
155
175
160
144
176
161
145
178
163
147
181
166
150
183
170
154
185
172
156
194
180
163
194
180
162
194
179
162
196
181
165
197
182
166
196
181
167
196
180
167
194
178
166
202
186
174
199
183
172
190
173
164
187
170
161
192
174
167
197
179
172
197
179
172
194
177
169
190
173
164
188
171
162
192
175
166
196
179
170
199
183
171
208
192
180
213
197
185
209
193
180
199
183
170
189
173
160
183
167
154
184
165
152
194
172
160
202
181
166
199
179
162
192
172
151
188
168
145
183
164
138
187
167
139
200
179
151
207
186
158
203
181
153
207
184
158
217
193
168
219
195
171
215
186
171
210
181
167
206
177
163
202
173
158
197
168
152
197
169
152
203
176
157
211
184
163
206
179
157
198
172
148
192
166
141
192
167
141
194
169
143
195
169
142
194
167
133
195
168
134
194
166
132
192
164
130
194
163
130
198
169
131
200
169
127
199
168
118
201
172
114
201
174
108
200
176
100
204
180
97
206
183
96
216
187
98
217
183
90
226
197
97
214
191
82
217
199
89
209
194
90
207
191
99
232
211
135
173
148
85
104
75
17
106
77
15
128
100
27
198
172
86
224
198
104
231
199
102
226
192
98
215
181
89
209
174
86
215
177
94
223
184
104
225
186
107
230
191
112
229
191
108
224
187
101
223
188
99
230
195
102
236
203
106
234
201
103
227
194
97
227
195
97
238
206
107
240
209
107
237
207
102
231
202
93
229
200
91
232
204
94
231
203
92
235
207
96
28
44
61
20
36
53
19
35
52
28
44
62
39
53
74
45
59
81
49
63
87
60
72
99
49
60
89
37
48
78
49
60
91
58
69
101
53
64
96
56
68
103
55
71
108
55
71
108
64
78
115
64
75
113
55
65
103
66
75
112
66
77
113
69
81
117
76
89
125
62
78
114
53
73
108
57
77
112
53
74
109
49
69
102
49
69
100
49
69
100
48
69
97
48
69
96
49
71
96
50
72
95
54
77
99
48
70
95
59
81
106
55
76
103
46
66
96
41
61
92
61
80
112
51
60
94
61
70
104
49
57
92
45
51
88
79
85
122
91
97
134
73
79
116
73
79
114
60
66
98
52
58
88
57
63
91
69
76
101
79
87
109
80
87
108
74
79
100
72
76
96
74
75
95
72
72
90
58
57
73
49
49
64
44
44
58
40
40
55
32
32
48
16
17
35
6
8
28
5
10
30
7
12
33
7
11
38
12
16
45
21
25
54
27
30
58
30
33
60
23
27
52
13
16
40
3
6
27
1
3
24
13
14
34
30
32
51
41
43
61
51
52
70
60
60
78
69
64
66
74
67
69
70
64
65
70
63
63
81
74
71
99
91
85
106
97
87
91
82
70
88
79
63
93
83
65
91
80
60
73
62
42
67
54
32
67
53
30
66
50
24
61
44
18
65
46
19
78
60
31
76
57
29
78
58
30
80
62
33
76
59
31
62
46
20
36
22
1
31
18
2
46
35
17
64
54
36
70
64
44
63
57
38
55
48
32
57
52
38
63
58
48
63
57
49
59
53
46
34
28
21
45
38
28
62
54
39
73
64
46
71
61
39
63
52
26
57
46
18
69
66
38
55
51
22
48
40
10
44
32
2
46
28
0
67
44
10
80
55
21
82
55
21
110
84
51
136
112
81
165
143
114
201
180
154
219
200
174
216
198
177
230
209
194
252
242
227
255
240
225
229
210
195
213
194
179
209
191
176
187
171
155
175
160
144
176
161
145
178
163
147
181
166
150
183
170
154
185
172
156
194
180
163
194
180
162
194
179
162
196
181
165
197
182
166
196
181
167
196
180
167
194
178
166
202
186
174
199
183
172
190
173
164
187
170
161
192
174
167
197
179
172
197
179
172
194
177
169
190
173
164
188
171
162
192
175
166
196
179
170
199
183
171
208
192
180
213
197
185
209
193
180
199
183
170
189
173
160
183
167
154
184
165
152
194
172
160
202
181
166
199
179
162
192
172
151
188
168
145
183
164
138
187
167
139
200
179
151
207
186
158
203
181
153
207
184
158
217
193
168
219
195
171
215
186
171
210
181
167
206
177
163
202
173
158
197
168
152
197
169
152
203
176
157
211
184
163
206
179
157
198
172
148
192
166
141
192
167
141
194
169
143
195
169
142
194
167
133
195
168
134
194
166
132
192
164
130
194
163
130
198
169
131
200
169
127
199
168
118
201
172
114
201
174
108
200
176
100
204
180
97
206
183
96
216
187
98
217
183
90
226
197
97
214
191
82
217
199
89
209
194
90
207
191
99
232
211
135
173
148
85
104
75
17
106
77
15
128
100
27
198
172
86
224
198
104
231
199
102
226
192
98
215
181
89
209
174
86
215
177
94
223
184
104
225
186
107
230
191
112
229
191
108
224
187
101
223
188
99
230
195
102
236
203
106
234
201
103
227
194
97
227
195
97
238
206
107
240
209
107
237
207
102
231
202
93
229
200
91
232
204
94
231
203
92
235
207
96
26
42
58
28
44
61
29
45
62
34
49
67
45
59
80
50
64
87
50
64
87
60
73
100
48
59
88
33
44
75
47
58
90
59
69
102
57
67
100
63
75
111
59
76
113
58
74
111
61
75
113
60
71
109
54
64
102
64
73
111
64
75
112
65
77
113
71
84
120
59
75
111
54
73
108
59
79
114
57
78
113
55
74
107
53
72
103
47
65
95
41
60
88
43
63
89
50
71
95
59
80
102
56
77
99
49
70
93
58
78
104
52
71
99
43
62
91
35
53
84
48
66
97
73
80
114
83
90
124
62
68
103
50
56
92
68
74
111
89
95
132
74
77
115
70
75
109
64
70
102
58
64
93
57
64
90
65
73
96
81
90
110
82
89
110
71
76
99
69
74
95
70
73
93
65
66
84
51
52
69
45
44
60
42
42
58
42
42
58
43
44
61
46
48
66
45
48
68
43
48
69
44
49
72
40
45
73
32
36
67
22
27
57
15
20
48
10
14
42
6
10
37
5
8
34
17
21
45
45
49
71
84
86
107
113
116
136
123
126
145
120
123
142
116
117
136
115
109
112
113
107
109
107
101
102
106
99
98
118
109
106
139
131
123
150
141
131
133
124
110
132
121
104
141
130
110
141
130
107
120
109
84
111
99
73
118
104
76
123
105
73
118
99
66
122
104
70
136
118
82
132
113
77
131
111
76
134
116
80
132
114
79
113
96
64
72
58
29
47
36
10
46
34
11
50
39
17
48
41
16
48
44
18
51
45
24
50
45
27
53
47
32
59
53
41
68
62
50
60
54
43
63
56
42
66
58
39
67
58
35
66
56
29
66
55
24
67
56
24
60
57
27
57
53
22
65
56
26
75
61
32
75
55
27
66
42
13
67
39
10
77
48
19
80
52
23
83
56
28
93
69
41
117
96
68
138
120
92
157
137
117
186
164
152
214
195
182
218
200
187
203
183
170
200
182
168
210
193
179
204
188
174
194
179
165
188
173
159
182
169
154
183
169
155
186
173
159
188
176
162
194
179
162
192
177
160
192
177
160
196
180
164
196
180
165
195
178
165
195
178
166
195
178
167
197
179
170
196
177
169
196
178
170
199
180
173
196
177
170
189
169
164
196
178
171
196
177
170
191
173
164
185
167
159
185
167
158
191
173
164
196
178
167
200
182
171
206
189
177
205
188
175
196
179
166
185
169
155
181
164
151
184
165
152
192
172
159
199
178
164
196
176
158
193
174
152
190
171
147
183
163
137
184
166
137
203
182
154
217
196
169
214
193
166
217
194
169
221
197
173
215
192
169
209
181
166
203
174
160
200
171
157
200
171
156
198
169
154
199
171
154
204
177
157
208
181
160
204
177
156
196
170
147
192
166
141
193
167
142
194
169
143
192
167
139
192
164
131
193
165
133
192
164
132
191
163
130
193
162
129
196
167
129
198
168
126
198
167
118
201
172
114
201
174
109
201
177
102
205
182
98
209
186
100
218
188
98
219
185
90
226
196
94
216
193
83
220
203
91
212
197
92
210
195
101
231
211
132
188
164
99
123
96
38
110
81
19
121
93
21
194
167
81
229
204
110
233
200
106
227
193
100
216
180
91
210
173
88
216
178
95
223
184
104
225
186
107
233
194
115
229
191
109
222
186
100
221
186
95
227
193
98
231
199
100
232
200
101
235
202
105
228
196
98
235
203
103
236
205
103
236
207
100
232
204
94
229
201
90
229
201
90
229
201
90
235
208
97
25
41
57
32
48
65
33
49
66
36
51
69
47
61
82
53
67
89
50
64
88
61
74
100
48
59
88
31
42
74
47
58
90
59
69
103
58
68
102
65
78
113
61
78
115
59
75
112
61
74
112
58
69
107
54
64
102
63
72
110
64
74
111
64
76
112
69
82
118
58
74
110
55
74
109
60
80
115
58
79
114
57
76
109
55
73
104
46
64
93
39
57
86
42
61
87
51
72
95
62
83
105
56
77
99
50
71
93
58
77
103
51
69
97
42
60
89
33
51
82
44
62
93
81
88
121
90
97
131
66
72
107
51
57
94
64
70
107
88
94
131
74
77
115
69
74
108
66
71
103
60
66
95
57
64
90
64
72
95
82
91
111
83
90
112
70
75
98
68
73
95
69
73
92
62
64
82
48
50
67
43
43
59
42
42
58
43
43
59
46
48
66
56
59
77
58
62
82
56
61
83
57
62
85
51
56
85
38
43
74
22
27
58
11
16
45
3
7
36
0
3
31
2
6
32
22
26
51
61
64
88
108
111
132
141
144
165
151
155
174
144
148
167
135
137
157
131
124
127
127
120
122
120
114
114
118
112
110
130
122
118
152
145
136
166
157
146
148
139
124
147
136
118
157
146
125
158
147
123
136
125
98
127
115
87
136
122
92
143
125
91
137
118
83
142
124
87
156
137
100
151
132
94
149
130
92
153
134
96
151
133
96
130
113
80
85
70
39
53
42
13
46
35
9
45
34
10
41
33
7
44
39
12
50
44
21
49
43
23
49
43
27
58
52
38
71
65
52
69
63
50
70
63
47
67
60
39
65
56
31
64
54
25
66
56
24
70
60
26
57
55
24
57
54
23
71
62
32
86
71
42
85
64
36
66
42
14
63
34
7
76
46
19
70
41
14
65
38
11
68
44
16
88
67
39
111
93
64
137
117
96
171
149
137
201
179
167
206
187
174
194
175
162
196
178
165
211
194
181
210
193
180
201
185
172
193
177
164
184
171
157
184
171
157
187
174
160
190
178
164
194
179
163
192
176
159
192
176
160
196
180
164
196
179
165
194
177
164
195
177
166
196
178
167
195
176
168
194
175
168
198
179
172
203
184
177
197
178
171
186
166
161
196
177
170
197
178
170
192
173
165
185
166
158
183
164
156
190
171
163
195
177
166
197
179
168
204
186
175
204
186
174
195
178
165
184
167
154
181
164
151
184
166
153
192
173
160
198
177
163
195
175
157
193
174
153
191
172
149
183
163
137
183
165
137
204
184
156
221
200
173
219
197
171
220
197
173
222
198
175
215
191
169
208
179
164
201
172
158
198
169
155
199
170
156
198
169
154
199
171
155
204
177
158
207
180
159
203
176
155
196
170
147
192
166
142
193
168
143
194
169
143
192
166
139
191
163
130
192
164
133
192
163
132
191
163
130
193
162
129
196
167
129
198
168
125
199
168
118
201
172
114
202
175
109
202
178
102
206
182
99
210
188
101
219
189
99
219
185
90
226
197
94
217
194
84
221
204
92
213
199
92
211
196
101
230
211
132
193
169
103
130
103
45
111
83
21
118
90
19
192
166
80
231
206
112
233
200
107
227
193
101
216
180
92
210
173
89
216
178
96
223
184
104
225
186
107
234
196
116
229
192
109
222
185
99
220
186
94
226
193
96
230
198
99
232
199
100
238
205
108
229
197
98
234
202
102
235
204
102
236
207
99
233
204
95
229
201
90
228
200
89
228
200
89
236
208
97
28
44
60
36
52
68
37
53
70
38
53
71
47
61
82
52
66
88
50
64
87
59
72
98
47
59
87
31
42
73
48
59
90
59
70
103
58
68
102
64
77
112
59
76
113
59
75
112
61
74
113
59
71
109
55
66
104
63
72
110
64
75
112
66
78
114
69
83
119
58
74
110
54
73
108
59
79
114
59
80
115
58
77
109
55
73
104
46
64
93
39
57
85
41
60
86
51
71
95
61
82
104
56
77
99
49
70
92
56
76
101
50
69
96
44
62
91
34
52
83
41
59
89
84
91
124
93
99
133
67
73
108
55
60
96
65
70
108
94
100
137
79
82
119
67
72
106
63
68
100
57
63
92
55
62
88
62
70
94
80
89
109
80
88
109
67
72
95
64
69
91
65
69
89
60
63
81
49
51
68
45
45
61
47
47
63
51
51
67
60
62
80
78
81
100
83
87
107
79
84
106
78
83
106
72
78
107
59
64
96
42
48
79
30
36
65
19
24
52
15
19
47
20
24
51
49
53
79
90
93
117
133
137
159
161
164
185
166
170
190
156
160
179
144
145
165
137
130
133
133
127
129
129
123
123
128
122
120
138
129
125
158
150
141
171
162
150
154
145
129
154
143
124
164
153
131
165
153
128
145
134
106
136
124
95
146
132
100
155
137
101
150
131
95
155
137
99
168
149
110
162
142
103
159
140
100
164
145
106
163
145
107
145
128
93
101
87
54
71
59
29
62
50
24
59
48
23
52
45
17
52
47
19
52
47
23
47
41
21
45
39
22
51
46
31
63
57
43
64
58
44
66
59
42
64
57
35
62
54
28
63
53
23
67
56
24
72
62
27
62
61
28
60
56
24
68
60
29
81
67
38
85
64
37
72
47
20
68
38
12
76
46
20
72
42
16
69
41
14
69
45
17
79
59
30
96
78
49
115
95
73
140
118
106
166
145
132
173
154
141
166
147
134
173
155
142
192
175
162
205
188
175
204
188
175
198
182
169
190
177
163
187
175
160
188
175
161
189
178
164
196
181
165
194
178
161
193
177
161
196
180
164
195
179
164
194
177
164
195
177
166
196
178
167
193
174
167
194
175
168
200
181
175
204
185
178
197
177
171
187
167
162
197
178
171
198
179
171
193
174
166
185
166
158
182
164
156
189
170
162
193
175
164
195
177
165
201
183
172
200
183
170
191
174
161
183
166
152
181
164
151
185
167
154
192
173
160
196
176
161
193
173
155
193
174
152
192
173
149
183
164
137
183
164
136
203
183
155
221
200
173
219
198
172
220
197
173
221
197
175
213
189
167
205
176
161
198
169
155
197
167
153
199
170
156
200
171
156
201
172
156
205
177
158
204
177
157
203
176
155
197
171
148
193
167
143
193
168
143
194
169
143
191
166
138
191
164
131
193
164
133
193
164
133
192
163
130
193
162
129
195
166
128
198
168
125
199
168
119
201
172
114
202
175
109
202
178
102
206
182
99
210
188
101
219
189
98
220
186
91
226
197
94
218
195
85
222
205
93
214
200
93
212
197
102
229
210
130
197
173
107
136
109
51
113
84
23
117
89
18
191
165
79
232
207
113
232
199
106
227
192
101
217
181
93
211
174
90
216
178
96
222
184
104
223
184
106
232
194
114
229
191
108
222
185
99
219
185
93
224
191
94
227
195
96
230
198
98
237
204
107
229
196
98
233
201
101
234
203
100
235
206
98
233
204
95
229
201
90
227
199
87
227
199
87
235
207
95
39
55
71
49
65
82
51
67
84
46
61
80
46
60
82
50
64
86
50
63
87
53
66
93
45
57
86
30
41
72
49
60
92
61
71
104
57
67
101
62
75
110
53
70
109
59
75
114
63
76
116
62
75
113
61
72
110
62
73
111
67
76
114
71
82
119
71
84
120
59
75
111
52
71
106
56
76
111
62
82
117
61
80
112
56
74
105
47
65
94
38
57
84
39
59
85
49
69
93
60
81
103
54
75
97
46
67
89
51
70
96
48
67
94
49
68
96
37
55
85
31
49
80
96
103
136
100
106
140
71
75
110
66
70
105
70
73
110
114
117
155
95
99
134
62
67
101
55
60
92
49
55
83
49
56
82
59
67
91
75
84
104
74
82
103
58
64
87
53
58
80
53
58
79
54
58
77
52
53
71
52
52
70
63
63
79
77
77
95
105
106
124
151
155
174
165
170
191
154
160
182
146
152
175
141
147
178
126
133
166
109
116
149
94
99
130
72
77
107
64
70
99
80
84
112
138
142
170
184
189
214
218
222
246
225
229
252
215
220
241
194
198
219
171
174
195
156
149
152
155
148
150
159
152
153
162
155
153
163
155
149
175
167
157
186
178
164
173
165
147
177
168
146
186
175
149
185
175
146
174
163
131
165
154
121
178
164
127
195
177
136
192
174
133
198
179
136
206
187
142
198
177
131
195
176
129
200
182
136
203
186
142
194
178
136
157
142
105
127
115
81
114
103
72
105
95
65
88
82
50
78
73
42
61
55
27
42
37
13
31
25
4
32
25
7
38
31
14
49
42
25
53
46
26
55
46
22
55
45
16
59
49
16
71
59
24
81
70
32
79
79
43
68
64
30
61
52
20
68
53
25
85
62
37
92
63
39
87
55
32
78
46
23
78
46
23
82
52
27
72
48
20
53
32
2
49
30
0
43
24
1
40
18
6
53
33
21
65
46
33
77
58
45
99
82
69
132
115
102
188
172
159
214
198
185
215
202
188
209
196
182
198
187
173
191
180
166
188
177
163
203
188
172
200
184
168
195
179
163
196
180
164
194
178
163
193
176
163
196
178
166
197
178
170
187
168
161
194
175
168
208
189
183
207
187
182
196
176
171
191
171
166
198
179
172
201
182
175
198
179
171
189
170
162
182
163
155
186
167
159
189
171
160
186
168
157
190
172
161
189
171
159
182
165
152
178
161
148
182
165
152
189
171
158
193
174
161
190
171
156
184
167
148
192
173
151
194
177
153
184
166
139
180
162
133
201
182
155
223
203
176
222
200
176
221
198
176
219
195
174
209
184
164
196
167
152
189
160
146
191
162
148
200
171
157
205
176
161
205
177
160
206
178
161
195
168
148
202
175
154
202
175
153
197
171
147
194
169
143
194
169
143
191
166
139
193
165
134
194
166
135
195
166
135
193
164
133
193
162
129
194
164
127
197
167
125
201
170
121
203
174
115
203
176
110
202
178
102
207
183
100
211
189
101
220
190
98
224
189
94
226
197
94
222
199
89
225
208
95
216
202
94
215
201
105
226
208
127
211
186
121
157
131
71
118
90
29
113
85
16
188
162
76
235
211
116
229
196
103
226
191
101
219
183
96
215
178
94
218
180
99
222
183
104
219
180
102
226
187
108
226
189
106
221
185
98
217
182
90
218
185
89
221
189
89
225
192
93
234
201
104
228
195
97
231
199
100
231
199
97
231
202
94
234
205
95
228
201
89
222
195
81
223
196
82
232
205
91
39
55
71
49
65
82
51
67
84
46
61
80
46
60
82
50
64
86
50
63
87
53
66
93
45
57
86
30
41
72
49
60
92
61
71
104
57
67
101
62
75
110
53
70
109
59
75
114
63
76
116
62
75
113
61
72
110
62
73
111
67
76
114
71
82
119
71
84
120
59
75
111
52
71
106
56
76
111
62
82
117
61
80
112
56
74
105
47
65
94
38
57
84
39
59
85
49
69
93
60
81
103
54
75
97
46
67
89
51
70
96
48
67
94
49
68
96
37
55
85
31
49
80
96
103
136
100
106
140
71
75
110
66
70
105
70
73
110
114
117
155
95
99
134
62
67
101
55
60
92
49
55
83
49
56
82
59
67
91
75
84
104
74
82
103
58
64
87
53
58
80
53
58
79
54
58
77
52
53
71
52
52
70
63
63
79
77
77
95
105
106
124
151
155
174
165
170
191
154
160
182
146
152
175
141
147
178
126
133
166
109
116
149
94
99
130
72
77
107
64
70
99
80
84
112
138
142
170
184
189
214
218
222
246
225
229
252
215
220
241
194
198
219
171
174
195
156
149
152
155
148
150
159
152
153
162
155
153
163
155
149
175
167
157
186
178
164
173
165
147
177
168
146
186
175
149
185
175
146
174
163
131
165
154
121
178
164
127
195
177
136
192
174
133
198
179
136
206
187
142
198
177
131
195
176
129
200
182
136
203
186
142
194
178
136
157
142
105
127
115
81
114
103
72
105
95
65
88
82
50
78
73
42
61
55
27
42
37
13
31
25
4
32
25
7
38
31
14
49
42
25
53
46
26
55
46
22
55
45
16
59
49
16
71
59
24
81
70
32
79
79
43
68
64
30
61
52
20
68
53
25
85
62
37
92
63
39
87
55
32
78
46
23
78
46
23
82
52
27
72
48
20
53
32
2
49
30
0
43
24
1
40
18
6
53
33
21
65
46
33
77
58
45
99
82
69
132
115
102
188
172
159
214
198
185
215
202
188
209
196
182
198
187
173
191
180
166
188
177
163
203
188
172
200
184
168
195
179
163
196
180
164
194
178
163
193
176
163
196
178
166
197
178
170
187
168
161
194
175
168
208
189
183
207
187
182
196
176
171
191
171
166
198
179
172
201
182
175
198
179
171
189
170
162
182
163
155
186
167
159
189
171
160
186
168
157
190
172
161
189
171
159
182
165
152
178
161
148
182
165
152
189
171
158
193
174
161
190
171
156
184
167
148
192
173
151
194
177
153
184
166
139
180
162
133
201
182
155
223
203
176
222
200
176
221
198
176
219
195
174
209
184
164
196
167
152
189
160
146
191
162
148
200
171
157
205
176
161
205
177
160
206
178
161
195
168
148
202
175
154
202
175
153
197
171
147
194
169
143
194
169
143
191
166
139
193
165
134
194
166
135
195
166
135
193
164
133
193
162
129
194
164
127
197
167
125
201
170
121
203
174
115
203
176
110
202
178
102
207
183
100
211
189
101
220
190
98
224
189
94
226
197
94
222
199
89
225
208
95
216
202
94
215
201
105
226
208
127
211
186
121
157
131
71
118
90
29
113
85
16
188
162
76
235
211
116
229
196
103
226
191
101
219
183
96
215
178
94
218
180
99
222
183
104
219
180
102
226
187
108
226
189
106
221
185
98
217
182
90
218
185
89
221
189
89
225
192
93
234
201
104
228
195
97
231
199
100
231
199
97
231
202
94
234
205
95
228
201
89
222
195
81
223
196
82
232
205
91
55
71
87
60
76
92
59
75
92
49
64
83
41
56
77
45
59
81
51
65
88
49
61
88
44
56
85
31
42
73
51
61
94
59
69
103
52
61
96
61
72
110
58
74
114
60
76
115
59
72
112
57
69
109
62
73
111
65
75
113
70
79
117
75
86
123
72
86
122
59
75
111
46
64
99
49
68
103
59
79
114
58
77
109
55
73
104
51
69
98
43
62
89
40
60
85
45
65
88
51
72
94
61
82
104
52
73
95
53
73
98
52
71
97
57
76
104
42
59
90
26
44
75
66
71
105
89
94
127
73
77
111
68
72
107
55
58
95
107
110
148
100
105
139
73
78
112
52
57
89
39
45
73
44
51
77
59
67
90
67
76
96
62
70
92
48
55
78
41
47
70
44
49
70
53
57
76
59
61
79
62
64
81
68
70
85
81
83
100
121
123
141
183
187
207
198
203
224
177
182
205
158
165
188
150
157
189
151
158
191
166
173
206
170
176
208
146
153
183
130
136
166
142
147
176
179
184
212
205
209
234
206
211
235
192
196
220
185
189
213
182
186
208
173
178
199
154
147
150
150
143
146
155
148
149
159
151
149
157
149
143
168
159
149
180
171
156
164
155
135
170
161
137
174
163
136
173
162
131
169
159
125
160
150
114
170
155
117
187
169
125
187
168
124
192
173
127
195
175
128
182
163
115
182
162
114
187
169
121
194
176
130
191
176
131
167
153
113
151
138
102
144
133
99
138
127
95
135
128
94
115
108
75
77
72
42
57
51
25
50
44
22
45
39
20
40
34
16
36
29
10
44
37
16
50
42
16
49
40
10
49
40
5
55
45
7
61
52
10
54
53
18
57
53
19
54
45
14
56
39
12
68
45
21
80
51
30
82
48
28
79
44
24
76
44
21
81
51
26
73
46
19
48
28
0
44
25
0
43
23
1
34
13
2
35
16
6
40
21
9
40
22
12
45
28
19
63
47
34
105
89
76
138
124
111
166
153
139
186
174
160
189
178
164
188
177
163
189
178
164
205
190
174
200
184
168
196
179
164
198
182
167
199
182
168
201
183
171
207
189
177
199
179
171
188
169
162
199
180
173
210
191
185
200
180
175
193
173
168
202
182
178
194
175
169
198
179
171
196
177
169
187
168
160
179
160
152
180
161
153
186
168
157
189
171
160
189
171
160
186
169
156
179
162
149
180
163
150
189
172
159
196
178
165
195
176
163
186
167
153
179
162
143
190
172
151
197
179
155
186
168
142
181
162
135
201
182
155
221
201
174
219
197
173
219
196
174
220
197
177
212
188
170
202
173
160
195
166
152
198
169
155
206
177
163
210
181
166
206
178
161
202
175
158
188
161
141
202
175
154
207
180
158
200
174
150
195
169
144
193
168
142
191
166
139
195
167
136
197
169
138
197
169
138
195
166
135
194
163
130
193
163
125
197
166
124
202
171
121
203
174
115
202
176
108
201
177
101
206
182
99
210
187
99
219
189
97
227
192
97
226
197
93
225
202
91
226
209
95
216
203
94
217
203
106
233
214
133
225
201
134
167
141
81
120
92
31
112
84
15
184
157
71
227
202
108
225
191
100
224
188
100
220
183
98
217
180
97
220
181
101
220
181
102
216
177
99
221
182
102
226
189
105
225
189
101
219
185
92
218
185
88
221
189
89
223
191
90
225
192
95
224
192
94
233
201
102
232
201
98
230
201
93
232
204
94
228
200
88
220
194
79
220
193
79
229
202
88
61
77
93
64
80
97
62
78
95
50
66
84
40
54
75
43
57
80
51
65
89
47
60
86
44
56
85
32
43
74
51
62
95
59
69
103
50
60
94
60
72
109
59
76
115
61
77
116
58
70
110
55
67
107
63
74
112
66
76
114
72
81
119
77
88
124
73
87
123
59
74
110
44
61
97
46
65
100
58
78
113
57
76
108
55
73
104
52
70
99
45
64
90
41
61
86
43
64
87
48
69
91
64
85
107
54
75
97
53
73
98
53
73
99
61
79
107
44
62
92
24
42
73
55
60
93
85
90
123
73
78
112
69
73
108
49
52
90
105
108
146
103
107
142
78
82
116
51
56
88
35
41
70
43
50
75
59
67
90
65
74
94
58
66
88
45
51
75
37
43
66
41
46
67
53
57
76
62
64
82
66
68
85
70
73
88
83
85
102
127
129
147
196
200
219
210
216
237
185
191
214
163
170
194
154
161
193
161
168
201
188
195
228
198
206
238
175
182
212
156
161
191
165
171
200
195
199
228
212
217
242
202
207
232
180
184
208
174
178
202
177
182
204
174
179
200
153
146
149
148
142
144
154
147
148
158
150
148
155
147
140
166
157
147
178
169
154
160
151
131
167
159
134
169
159
131
168
157
126
167
157
123
158
148
112
167
152
113
185
166
121
185
166
121
190
170
124
191
171
123
177
157
108
177
158
108
182
164
116
190
172
125
190
175
129
172
158
117
160
147
110
156
145
109
150
140
107
153
146
111
128
121
88
83
78
48
63
57
31
57
52
29
51
45
25
42
36
17
31
24
5
41
34
13
48
41
14
47
39
8
45
36
1
50
40
1
54
45
2
44
44
8
53
49
15
52
43
12
51
34
7
62
39
15
76
47
26
80
46
27
79
44
25
76
43
21
81
51
26
73
46
19
47
26
0
43
24
0
43
23
1
32
12
1
28
9
0
31
12
0
27
8
0
25
8
0
37
21
8
74
58
45
110
96
82
148
135
121
178
165
151
185
174
160
187
176
162
189
178
164
205
190
175
200
184
168
196
180
164
199
182
168
201
184
171
204
186
174
211
193
182
199
180
172
189
170
162
201
182
175
211
192
186
197
177
172
192
172
167
206
186
183
193
174
167
197
178
170
196
177
169
187
168
160
178
159
151
178
159
151
185
167
156
190
172
161
189
171
160
185
168
155
178
161
148
181
164
151
193
176
163
199
181
168
196
177
164
185
166
152
177
160
141
189
172
151
198
180
156
186
169
143
181
163
136
201
182
155
220
201
174
218
196
172
218
195
174
221
197
179
214
190
172
204
175
163
198
169
155
200
171
157
209
180
166
212
183
168
207
179
162
201
173
156
186
159
139
203
176
155
209
182
160
201
175
151
195
169
145
193
168
142
192
166
139
196
168
137
198
170
139
198
170
139
196
167
136
194
163
130
192
163
125
197
166
124
202
171
122
203
174
116
202
176
107
201
177
101
205
181
98
209
187
99
219
189
97
228
194
98
226
197
93
226
204
92
226
209
95
217
203
95
217
203
106
236
217
136
230
206
139
171
145
85
122
93
33
112
84
15
182
156
70
224
199
105
224
190
99
224
187
100
221
184
99
218
181
98
220
182
102
219
180
102
214
175
97
219
180
100
226
189
106
226
190
103
220
186
93
218
186
88
221
189
89
222
191
89
221
188
91
223
191
93
234
202
102
233
203
98
230
201
93
232
203
94
228
200
88
220
193
79
219
192
78
228
201
87
61
76
94
62
77
96
59
74
93
49
64
83
40
54
76
42
56
79
49
63
87
44
57
84
41
53
82
34
45
77
51
62
96
57
68
102
52
62
98
63
74
112
61
77
115
60
74
112
58
70
109
57
68
107
61
72
109
64
75
112
70
81
118
74
86
122
69
83
119
56
72
107
43
60
95
46
65
100
59
78
113
58
77
109
54
72
104
51
69
99
45
65
92
42
62
89
44
65
90
49
70
94
65
86
110
55
75
99
53
72
97
53
71
98
57
73
102
43
60
90
27
43
73
51
57
89
77
83
115
74
79
111
73
76
110
57
60
95
104
107
142
105
108
140
81
85
117
56
60
90
39
45
72
45
51
77
60
67
91
64
72
94
57
65
88
46
51
76
38
44
67
41
46
69
53
57
77
64
66
85
68
71
89
70
74
91
74
77
95
119
123
142
195
202
222
204
212
234
181
190
213
162
173
196
156
163
197
160
168
203
182
190
226
194
203
237
177
186
219
163
171
203
164
172
203
187
194
224
209
216
242
206
212
236
185
189
213
176
180
203
178
182
202
173
176
196
158
151
156
148
141
145
150
143
144
156
148
146
157
148
141
169
159
148
181
170
153
166
155
133
173
162
135
174
162
131
171
159
125
169
158
122
162
151
112
170
155
113
186
167
122
186
168
120
189
171
120
192
174
120
177
159
104
182
164
107
187
169
115
192
174
123
190
174
125
176
161
117
166
152
110
159
147
107
159
148
109
165
156
116
142
132
94
106
98
62
92
84
50
85
79
47
74
68
39
61
54
26
50
43
14
58
51
20
63
56
21
62
53
15
60
50
9
62
50
6
63
52
4
53
49
6
59
52
12
58
47
9
57
39
6
64
41
11
74
46
20
77
45
21
77
45
20
74
44
16
75
48
20
67
42
15
47
27
0
43
24
0
40
22
1
30
13
1
28
12
0
29
13
0
26
10
0
25
10
1
35
20
7
63
49
37
89
76
65
120
108
96
159
147
137
178
167
157
184
173
163
185
174
164
199
184
174
197
182
172
195
179
169
195
180
171
196
180
173
199
182
177
204
187
182
194
176
173
186
168
165
194
176
172
200
180
177
193
173
169
193
172
168
203
182
179
187
169
164
190
172
166
193
175
168
186
168
161
179
160
153
180
162
153
185
167
157
191
174
163
190
172
161
186
168
156
180
163
150
183
166
152
192
175
161
197
179
165
193
175
161
184
167
151
179
162
143
189
172
151
195
178
155
186
169
144
184
166
141
205
186
161
218
199
174
212
190
167
213
190
170
215
192
173
209
185
167
201
174
161
198
171
157
201
174
160
206
179
164
207
180
164
205
178
161
201
175
157
187
161
141
203
177
155
207
182
159
199
173
149
192
167
142
192
167
141
193
167
141
199
168
139
200
170
140
199
169
138
196
167
133
194
164
128
193
164
125
198
167
124
203
171
123
203
172
117
203
174
110
203
176
104
207
180
100
211
186
100
218
188
97
225
193
97
224
196
93
225
202
93
225
207
96
217
202
96
218
203
107
231
212
131
230
205
137
175
148
86
123
94
32
113
84
16
185
157
73
223
197
105
223
190
96
223
188
97
220
184
97
218
181
98
220
181
102
220
180
103
215
176
98
218
179
99
226
189
104
225
189
100
219
185
92
219
186
88
221
189
90
223
191
91
220
187
91
220
188
91
231
199
100
232
202
98
230
201
93
231
203
93
228
201
88
221
194
79
218
191
76
227
200
84
62
73
101
56
68
95
48
61
87
43
56
80
40
54
77
40
54
77
40
56
80
35
49
76
32
46
74
42
57
87
52
67
99
51
65
101
61
74
112
73
84
122
68
78
112
57
67
101
61
71
105
63
73
107
54
66
100
59
71
105
67
81
114
65
80
113
57
72
105
47
64
97
42
59
92
48
65
98
64
81
114
60
79
111
52
72
103
48
68
99
48
69
100
47
68
99
49
70
100
54
76
104
72
93
121
59
78
105
50
67
94
53
66
94
42
53
81
44
52
81
37
46
73
38
46
76
51
58
88
78
83
111
86
90
116
85
89
114
101
103
127
113
113
137
95
95
119
74
75
99
54
57
82
52
55
83
62
65
94
64
68
98
57
62
90
49
53
78
43
47
72
44
48
73
57
58
84
71
73
98
77
81
106
72
77
102
41
47
72
90
101
125
196
210
233
180
199
221
166
188
210
161
184
206
164
175
213
159
167
211
161
173
217
179
193
237
187
203
243
189
207
246
159
177
215
158
175
211
199
213
242
222
231
253
202
208
231
184
187
206
180
180
196
168
165
181
176
168
179
148
140
148
138
129
132
151
139
137
167
153
145
183
167
151
193
176
152
187
169
138
193
175
139
191
173
133
183
166
123
179
163
117
175
159
113
181
165
117
191
174
123
192
176
119
187
174
106
198
185
108
180
167
87
200
186
106
206
188
115
200
182
116
190
171
110
193
175
118
188
171
114
172
156
98
193
180
119
212
194
135
191
173
114
191
173
114
199
185
123
185
175
113
158
151
88
131
124
61
120
114
49
122
113
49
119
109
45
118
105
41
115
99
36
107
89
26
95
77
12
82
69
0
81
66
0
82
63
2
79
58
4
70
47
1
65
42
0
66
43
0
69
48
0
67
49
0
54
38
0
46
30
0
47
31
0
42
28
0
29
20
0
23
19
0
26
22
0
23
18
0
22
16
0
26
19
2
26
19
6
23
16
6
12
3
1
20
11
8
91
80
83
152
141
145
172
162
168
168
158
165
176
162
174
188
173
187
191
176
191
183
170
186
180
166
183
181
167
185
181
168
184
176
161
175
179
162
174
171
154
162
158
139
144
178
158
158
196
175
173
191
170
166
166
150
151
166
150
151
184
169
168
186
169
168
184
167
164
187
170
164
187
170
162
198
182
171
193
176
164
188
171
158
186
170
154
188
172
156
191
174
157
188
172
154
183
169
150
182
168
149
184
169
150
187
172
153
186
171
152
184
168
149
195
178
159
221
201
183
214
194
176
190
170
152
193
173
155
193
171
153
191
169
151
191
170
154
198
177
162
205
185
169
194
174
157
189
167
150
199
177
159
201
180
159
194
171
149
205
182
159
203
180
156
189
166
141
182
159
133
187
164
138
198
172
147
211
172
150
206
170
143
200
168
134
197
167
125
196
167
122
198
168
123
204
172
127
206
172
127
203
168
121
208
170
117
212
175
113
214
178
106
218
182
102
219
187
98
215
189
94
217
192
94
221
198
98
219
200
98
218
198
101
221
201
110
215
193
112
229
202
130
190
161
92
128
96
31
120
88
21
195
164
84
221
191
106
221
192
85
223
192
89
220
186
92
218
181
97
221
181
105
221
180
107
217
178
101
215
177
94
225
190
99
219
185
90
218
185
88
222
189
92
223
189
95
224
191
98
215
185
90
209
180
83
218
190
89
229
201
98
229
201
93
228
201
89
230
204
89
223
198
79
214
189
69
223
197
77
62
73
101
56
68
95
48
61
87
43
56
80
40
54
77
40
54
77
40
56
80
35
49
76
32
46
74
42
57
87
52
67
99
51
65
101
61
74
112
73
84
122
68
78
112
57
67
101
61
71
105
63
73
107
54
66
100
59
71
105
67
81
114
65
80
113
57
72
105
47
64
97
42
59
92
48
65
98
64
81
114
60
79
111
52
72
103
48
68
99
48
69
100
47
68
99
49
70
100
54
76
104
72
93
121
59
78
105
50
67
94
53
66
94
42
53
81
44
52
81
37
46
73
38
46
76
51
58
88
78
83
111
86
90
116
85
89
114
101
103
127
113
113
137
95
95
119
74
75
99
54
57
82
52
55
83
62
65
94
64
68
98
57
62
90
49
53
78
43
47
72
44
48
73
57
58
84
71
73
98
77
81
106
72
77
102
41
47
72
90
101
125
196
210
233
180
199
221
166
188
210
161
184
206
164
175
213
159
167
211
161
173
217
179
193
237
187
203
243
189
207
246
159
177
215
158
175
211
199
213
242
222
231
253
202
208
231
184
187
206
180
180
196
168
165
181
176
168
179
148
140
148
138
129
132
151
139
137
167
153
145
183
167
151
193
176
152
187
169
138
193
175
139
191
173
133
183
166
123
179
163
117
175
159
113
181
165
117
191
174
123
192
176
119
187
174
106
198
185
108
180
167
87
200
186
106
206
188
115
200
182
116
190
171
110
193
175
118
188
171
114
172
156
98
193
180
119
212
194
135
191
173
114
191
173
114
199
185
123
185
175
113
158
151
88
131
124
61
120
114
49
122
113
49
119
109
45
118
105
41
115
99
36
107
89
26
95
77
12
82
69
0
81
66
0
82
63
2
79
58
4
70
47
1
65
42
0
66
43
0
69
48
0
67
49
0
54
38
0
46
30
0
47
31
0
42
28
0
29
20
0
23
19
0
26
22
0
23
18
0
22
16
0
26
19
2
26
19
6
23
16
6
12
3
1
20
11
8
91
80
83
152
141
145
172
162
168
168
158
165
176
162
174
188
173
187
191
176
191
183
170
186
180
166
183
181
167
185
181
168
184
176
161
175
179
162
174
171
154
162
158
139
144
178
158
158
196
175
173
191
170
166
166
150
151
166
150
151
184
169
168
186
169
168
184
167
164
187
170
164
187
170
162
198
182
171
193
176
164
188
171
158
186
170
154
188
172
156
191
174
157
188
172
154
183
169
150
182
168
149
184
169
150
187
172
153
186
171
152
184
168
149
195
178
159
221
201
183
214
194
176
190
170
152
193
173
155
193
171
153
191
169
151
191
170
154
198
177
162
205
185
169
194
174
157
189
167
150
199
177
159
201
180
159
194
171
149
205
182
159
203
180
156
189
166
141
182
159
133
187
164
138
198
172
147
211
172
150
206
170
143
200
168
134
197
167
125
196
167
122
198
168
123
204
172
127
206
172
127
203
168
121
208
170
117
212
175
113
214
178
106
218
182
102
219
187
98
215
189
94
217
192
94
221
198
98
219
200
98
218
198
101
221
201
110
215
193
112
229
202
130
190
161
92
128
96
31
120
88
21
195
164
84
221
191
106
221
192
85
223
192
89
220
186
92
218
181
97
221
181
105
221
180
107
217
178
101
215
177
94
225
190
99
219
185
90
218
185
88
222
189
92
223
189
95
224
191
98
215
185
90
209
180
83
218
190
89
229
201
98
229
201
93
228
201
89
230
204
89
223
198
79
214
189
69
223
197
77
63
74
102
52
64
92
42
55
82
39
52
78
40
54
77
42
56
79
42
58
81
41
56
83
38
52
81
45
60
91
50
65
98
48
62
97
56
69
107
69
81
118
66
76
110
59
69
103
64
74
108
64
76
110
54
66
100
55
68
101
61
75
108
59
74
107
51
67
100
48
65
98
47
64
97
51
68
101
59
77
110
54
73
105
47
67
99
47
67
98
54
75
106
57
78
109
58
80
110
61
83
112
54
75
103
54
72
100
60
76
104
65
78
106
55
66
94
73
81
110
88
97
125
72
79
109
67
74
103
73
78
107
73
77
103
77
80
104
97
98
120
109
110
132
107
108
130
90
91
113
71
73
97
61
64
90
59
63
89
58
61
90
56
61
88
54
58
83
50
54
78
53
56
80
63
65
89
71
73
98
71
75
100
68
73
97
31
39
63
67
79
103
175
191
216
173
193
218
179
202
225
174
198
222
172
185
223
163
173
217
156
169
213
170
184
228
184
201
242
187
205
245
161
180
217
146
164
199
172
187
217
198
209
234
192
198
221
175
178
197
172
172
189
170
167
183
177
169
179
154
146
152
144
134
136
150
138
135
158
145
135
169
153
137
181
163
139
182
163
132
189
170
134
187
169
128
180
164
119
176
160
113
171
156
109
176
159
111
185
168
115
187
172
112
184
171
101
197
184
105
183
170
88
199
184
103
203
185
109
198
180
111
188
168
104
184
165
106
175
158
98
160
145
84
179
166
102
193
176
113
176
158
96
181
164
101
197
184
119
195
185
119
177
169
103
155
147
82
150
143
75
151
142
75
150
139
73
152
138
71
155
139
72
154
136
69
148
129
62
137
124
48
138
124
51
144
125
60
146
124
66
141
118
65
139
115
64
140
117
65
141
121
66
141
123
67
131
116
67
127
112
69
127
112
76
118
103
73
101
90
66
93
87
64
96
89
66
91
85
65
85
78
61
79
71
55
69
61
48
57
49
40
65
55
51
91
80
78
128
117
118
155
144
147
176
165
170
190
178
185
187
173
185
181
166
180
176
163
178
170
157
174
155
142
160
143
130
148
142
129
146
152
138
153
159
143
156
162
145
154
161
143
147
162
142
144
161
140
139
175
154
152
179
163
164
170
154
154
177
161
160
178
161
160
178
160
158
189
173
167
195
177
170
193
176
166
187
171
159
185
168
155
186
170
155
189
173
157
190
174
157
186
171
153
184
170
151
186
172
153
190
175
156
192
177
158
189
174
155
185
169
150
189
172
153
209
191
173
211
191
173
191
171
154
189
169
151
189
168
150
189
167
149
203
181
166
206
185
170
203
182
167
187
167
150
180
159
141
192
170
152
197
176
155
192
169
148
200
177
155
200
177
152
192
168
143
189
166
140
194
171
145
202
176
151
213
174
151
207
171
144
201
168
134
198
169
126
197
168
123
197
168
123
200
168
123
200
166
121
200
165
118
207
170
117
211
174
112
212
176
104
217
180
101
222
189
101
219
193
98
218
193
95
221
198
98
220
201
99
218
199
101
220
200
109
217
195
113
231
205
131
194
165
96
133
103
34
122
91
21
195
165
83
218
188
102
219
190
83
221
190
87
218
184
90
216
178
95
218
179
102
221
180
107
220
181
103
219
183
98
228
193
102
219
186
90
217
184
87
222
189
92
224
190
95
225
191
98
213
182
88
206
177
80
214
185
86
225
197
94
227
199
92
229
202
90
231
205
90
222
196
79
214
189
70
223
197
76
64
75
103
51
62
90
40
52
79
38
51
77
40
54
78
43
57
80
43
59
82
44
59
85
41
55
84
47
61
92
50
65
98
46
60
96
55
68
106
67
79
116
66
76
110
60
70
104
65
75
109
65
77
111
54
66
100
53
66
100
58
73
106
56
71
104
48
65
98
48
65
98
50
67
100
53
70
103
57
75
108
51
70
103
45
64
97
47
67
98
57
78
109
61
82
113
63
84
115
64
86
115
47
68
96
52
70
99
65
80
109
70
83
111
60
72
100
85
94
122
110
118
147
86
93
123
75
81
110
72
77
105
67
71
97
74
76
100
95
96
118
108
109
130
113
114
135
97
98
119
79
80
103
64
68
93
58
62
87
55
59
87
57
61
87
57
61
85
53
57
81
57
59
83
66
68
92
71
74
98
69
73
98
66
71
96
27
35
60
58
70
94
167
182
208
171
191
216
184
207
232
180
204
228
176
189
228
165
176
220
154
167
211
167
181
225
183
200
242
186
204
245
162
181
219
141
160
195
162
176
207
189
199
226
188
194
217
172
175
194
170
169
186
171
168
184
177
169
179
156
148
154
146
137
138
149
138
134
155
141
131
164
148
131
176
158
133
180
161
130
187
168
132
186
168
126
179
163
117
175
159
112
170
154
107
174
157
108
182
165
111
186
170
109
184
169
99
197
184
104
185
171
88
199
184
102
202
184
106
198
179
109
187
167
102
180
162
101
171
154
92
156
141
78
174
160
96
185
168
104
169
151
88
176
160
96
197
183
117
199
188
122
185
176
109
165
157
90
162
155
86
164
155
87
163
152
84
166
152
84
171
156
87
174
155
87
170
151
83
160
147
68
162
148
73
169
152
84
174
152
92
171
148
91
169
145
91
171
149
92
171
152
94
171
154
95
163
149
94
161
147
98
161
146
108
150
135
103
131
120
93
122
115
90
125
117
94
120
112
92
112
104
86
101
93
77
87
78
66
72
63
54
87
77
72
121
109
107
144
132
133
157
146
149
177
166
170
199
187
193
192
177
190
178
163
177
170
157
173
165
152
169
145
133
151
127
115
133
126
113
131
142
129
145
151
136
149
159
142
151
163
144
149
156
136
138
147
126
125
168
148
146
184
168
169
171
155
156
174
158
157
175
158
157
175
158
155
190
174
168
198
181
173
191
174
164
185
168
157
184
167
154
187
171
155
190
174
158
189
173
156
185
170
152
184
170
151
187
173
154
193
178
159
194
179
160
190
175
156
185
169
150
187
170
151
205
188
169
210
190
172
192
172
154
188
168
150
188
166
148
188
166
148
208
186
171
209
188
173
203
182
166
184
164
147
177
155
138
189
167
149
196
175
154
192
169
147
199
176
153
198
175
151
193
170
144
193
170
144
198
175
149
204
178
152
214
175
152
208
172
145
201
169
135
199
170
127
198
169
124
197
168
123
199
167
122
197
163
119
199
163
117
207
170
117
211
174
112
212
176
104
216
180
100
223
191
102
221
195
100
218
193
95
221
198
98
220
201
99
218
199
102
220
200
109
218
196
114
233
206
131
196
167
97
136
105
36
124
92
21
195
165
83
217
187
100
219
189
83
221
190
87
218
184
90
215
178
94
218
178
101
221
181
107
221
182
104
222
185
100
229
194
103
219
186
90
217
184
87
222
189
92
224
190
96
225
192
99
212
182
88
205
175
79
212
183
84
223
196
93
227
199
91
229
203
91
231
205
91
222
196
79
215
190
70
223
197
77
63
74
102
50
61
89
38
50
78
36
49
76
40
54
78
43
58
81
44
59
83
47
61
88
44
58
86
48
62
93
49
64
96
44
58
94
51
64
102
63
75
112
64
74
108
60
70
104
66
77
111
66
78
112
55
67
101
53
67
100
57
73
106
55
70
103
47
64
97
49
65
98
52
69
102
54
72
105
57
76
109
51
70
103
45
64
97
48
68
99
59
79
111
63
84
115
64
85
116
65
86
116
49
70
98
53
71
100
64
80
108
69
82
110
60
72
100
89
98
127
119
127
156
90
97
127
77
83
111
71
76
104
66
70
95
74
76
100
95
95
117
106
106
127
111
112
132
97
98
118
81
82
104
67
70
93
58
62
86
55
59
86
57
61
86
57
61
84
54
57
81
58
60
84
67
69
93
72
74
99
68
73
97
65
69
94
26
35
59
56
67
92
165
181
207
171
191
216
184
208
232
179
203
228
175
189
227
167
179
223
157
170
214
164
179
222
178
196
238
183
201
242
164
184
222
146
165
200
162
176
208
189
199
226
190
196
219
174
177
196
171
170
187
174
171
187
175
167
176
156
148
153
147
138
139
150
139
134
155
141
130
163
147
130
176
158
133
181
163
131
189
170
133
188
170
128
182
165
119
177
161
114
172
156
108
175
159
109
184
167
112
188
172
110
184
170
98
198
185
104
189
175
90
202
186
103
203
185
107
199
180
109
189
169
102
182
163
100
172
155
92
159
145
80
177
163
97
185
168
103
170
152
87
176
160
95
196
183
115
199
189
121
186
178
109
168
160
92
166
159
88
167
158
89
167
156
86
170
156
86
178
161
91
182
163
93
179
160
91
169
156
76
172
158
81
179
161
92
183
162
100
180
157
99
179
155
99
180
159
100
181
163
102
180
164
103
173
158
102
172
159
109
176
162
123
168
154
121
150
138
111
141
133
108
145
136
114
143
134
115
135
127
108
122
113
97
103
94
82
92
82
73
108
97
92
137
125
123
156
144
145
166
155
158
180
168
173
191
178
184
180
166
179
170
156
170
161
148
165
154
141
159
140
127
145
124
112
131
120
107
125
133
121
137
145
130
143
161
144
154
170
152
157
156
136
139
144
123
123
170
150
149
185
169
170
173
157
158
175
159
159
178
161
160
177
160
157
189
172
166
196
178
171
188
172
162
183
166
155
182
165
153
186
170
154
189
173
157
188
172
155
185
170
152
185
171
152
189
175
156
194
179
160
195
181
162
191
176
157
187
171
152
187
170
151
203
186
167
211
191
173
195
175
157
189
169
151
189
168
150
190
168
150
207
186
170
207
186
171
202
181
165
184
164
147
178
156
139
191
169
151
198
177
156
194
171
149
199
176
153
198
176
151
194
171
145
194
171
145
199
176
150
204
178
152
213
175
152
207
171
144
201
169
135
199
170
128
198
169
125
197
168
123
198
166
121
197
163
118
199
164
117
208
170
117
211
174
112
211
175
103
216
179
100
223
191
102
221
195
100
218
193
95
221
198
98
220
201
100
219
199
101
219
199
108
219
196
114
233
207
132
199
170
100
139
109
38
125
94
21
196
166
83
217
187
100
218
189
83
221
190
87
218
184
90
215
177
93
217
177
101
221
181
107
221
182
105
222
185
100
229
194
103
219
186
90
216
184
86
222
189
92
224
190
96
226
192
99
212
181
88
205
175
79
212
182
84
223
195
92
227
199
91
230
203
91
231
205
91
222
196
79
215
190
71
224
197
77
59
70
100
44
55
84
31
43
71
32
45
72
42
55
81
46
61
85
48
63
89
58
73
99
53
69
96
51
67
96
46
61
92
35
50
83
35
49
86
47
60
96
58
70
104
62
74
108
70
82
116
70
82
116
58
71
105
54
69
102
55
70
103
48
65
98
43
60
93
52
69
102
61
80
113
62
81
114
58
77
110
48
67
100
44
63
96
52
71
104
66
87
119
72
93
124
69
90
121
67
88
119
57
77
108
57
75
104
62
78
107
65
77
107
61
71
101
106
115
144
155
163
192
108
114
141
87
91
118
70
74
99
63
66
88
76
77
98
94
93
113
95
95
113
104
103
122
97
97
115
90
91
109
77
78
97
58
61
82
56
59
80
59
63
84
57
60
81
57
60
81
63
66
87
73
75
99
74
77
101
66
71
95
58
64
89
24
33
57
46
59
84
157
174
200
171
193
219
185
209
235
174
200
226
169
186
225
176
189
233
168
184
227
154
172
215
161
180
222
169
189
230
175
196
235
168
187
222
164
178
209
188
198
225
199
205
228
182
185
205
176
175
194
185
182
199
167
159
166
154
147
150
151
141
140
154
142
136
157
141
129
163
146
127
175
158
129
188
169
134
197
178
139
199
180
136
193
175
128
188
171
122
182
165
114
184
166
113
193
174
115
195
178
113
188
175
98
205
191
107
205
190
101
214
197
109
209
190
107
204
184
107
197
177
105
187
168
100
179
163
94
174
160
88
190
177
103
186
170
98
173
155
84
175
160
88
193
180
108
201
191
117
193
184
110
180
171
97
184
176
99
184
175
98
183
172
95
188
174
97
203
186
109
215
197
120
219
199
122
208
195
108
211
198
115
219
202
125
223
203
131
219
198
129
217
195
129
219
201
132
222
208
136
216
202
133
211
198
134
220
208
153
240
227
184
245
231
196
229
215
188
218
205
183
230
216
197
239
225
206
232
219
202
207
194
180
171
158
147
175
161
154
193
180
176
202
190
187
206
192
193
207
193
196
190
176
182
158
144
150
135
121
137
138
124
142
125
111
130
110
98
118
116
104
124
115
103
123
96
84
104
99
87
105
118
104
120
171
154
165
201
184
192
159
140
144
132
111
113
179
160
159
189
172
174
180
164
165
181
165
165
190
175
173
185
168
165
181
165
159
187
170
163
180
163
154
175
159
148
176
160
147
183
166
151
187
171
155
185
169
153
186
171
153
191
177
158
196
182
163
201
187
168
201
186
167
196
181
162
192
176
157
189
172
153
197
180
161
215
195
177
207
187
169
194
174
156
196
175
157
198
176
158
205
184
168
202
181
166
198
177
161
184
164
147
183
162
144
199
177
159
208
187
167
200
177
155
202
179
156
200
177
153
200
176
151
203
180
154
205
182
156
205
179
153
214
176
153
207
172
145
202
169
136
201
171
129
200
171
126
198
168
123
195
164
119
195
162
117
202
166
119
211
173
120
212
175
113
210
174
101
214
177
98
225
192
104
223
197
102
217
192
95
220
197
97
223
203
101
220
200
102
217
196
105
222
198
116
238
211
136
212
182
111
153
123
48
133
103
24
199
170
85
217
189
99
219
190
82
223
192
89
219
185
91
214
176
92
215
176
99
221
181
106
224
185
107
224
188
102
229
194
103
218
185
89
216
184
85
224
191
93
227
193
99
228
195
102
212
182
88
204
175
78
209
180
81
220
193
90
228
200
92
232
206
95
233
206
92
223
197
80
218
193
74
227
201
81
59
70
100
44
55
84
31
43
71
32
45
72
42
55
81
46
61
85
48
63
89
58
73
99
53
69
96
51
67
96
46
61
92
35
50
83
35
49
86
47
60
96
58
70
104
62
74
108
70
82
116
70
82
116
58
71
105
54
69
102
55
70
103
48
65
98
43
60
93
52
69
102
61
80
113
62
81
114
58
77
110
48
67
100
44
63
96
52
71
104
66
87
119
72
93
124
69
90
121
67
88
119
57
77
108
57
75
104
62
78
107
65
77
107
61
71
101
106
115
144
155
163
192
108
114
141
87
91
118
70
74
99
63
66
88
76
77
98
94
93
113
95
95
113
104
103
122
97
97
115
90
91
109
77
78
97
58
61
82
56
59
80
59
63
84
57
60
81
57
60
81
63
66
87
73
75
99
74
77
101
66
71
95
58
64
89
24
33
57
46
59
84
157
174
200
171
193
219
185
209
235
174
200
226
169
186
225
176
189
233
168
184
227
154
172
215
161
180
222
169
189
230
175
196
235
168
187
222
164
178
209
188
198
225
199
205
228
182
185
205
176
175
194
185
182
199
167
159
166
154
147
150
151
141
140
154
142
136
157
141
129
163
146
127
175
158
129
188
169
134
197
178
139
199
180
136
193
175
128
188
171
122
182
165
114
184
166
113
193
174
115
195
178
113
188
175
98
205
191
107
205
190
101
214
197
109
209
190
107
204
184
107
197
177
105
187
168
100
179
163
94
174
160
88
190
177
103
186
170
98
173
155
84
175
160
88
193
180
108
201
191
117
193
184
110
180
171
97
184
176
99
184
175
98
183
172
95
188
174
97
203
186
109
215
197
120
219
199
122
208
195
108
211
198
115
219
202
125
223
203
131
219
198
129
217
195
129
219
201
132
222
208
136
216
202
133
211
198
134
220
208
153
240
227
184
245
231
196
229
215
188
218
205
183
230
216
197
239
225
206
232
219
202
207
194
180
171
158
147
175
161
154
193
180
176
202
190
187
206
192
193
207
193
196
190
176
182
158
144
150
135
121
137
138
124
142
125
111
130
110
98
118
116
104
124
115
103
123
96
84
104
99
87
105
118
104
120
171
154
165
201
184
192
159
140
144
132
111
113
179
160
159
189
172
174
180
164
165
181
165
165
190
175
173
185
168
165
181
165
159
187
170
163
180
163
154
175
159
148
176
160
147
183
166
151
187
171
155
185
169
153
186
171
153
191
177
158
196
182
163
201
187
168
201
186
167
196
181
162
192
176
157
189
172
153
197
180
161
215
195
177
207
187
169
194
174
156
196
175
157
198
176
158
205
184
168
202
181
166
198
177
161
184
164
147
183
162
144
199
177
159
208
187
167
200
177
155
202
179
156
200
177
153
200
176
151
203
180
154
205
182
156
205
179
153
214
176
153
207
172
145
202
169
136
201
171
129
200
171
126
198
168
123
195
164
119
195
162
117
202
166
119
211
173
120
212
175
113
210
174
101
214
177
98
225
192
104
223
197
102
217
192
95
220
197
97
223
203
101
220
200
102
217
196
105
222
198
116
238
211
136
212
182
111
153
123
48
133
103
24
199
170
85
217
189
99
219
190
82
223
192
89
219
185
91
214
176
92
215
176
99
221
181
106
224
185
107
224
188
102
229
194
103
218
185
89
216
184
85
224
191
93
227
193
99
228
195
102
212
182
88
204
175
78
209
180
81
220
193
90
228
200
92
232
206
95
233
206
92
223
197
80
218
193
74
227
201
81
54
65
96
41
53
84
30
42
72
31
43
71
42
55
81
48
63
88
49
64
90
56
72
97
51
67
94
49
65
93
45
60
91
37
52
85
31
46
80
36
50
86
53
65
99
64
77
111
72
86
119
68
82
115
59
73
106
59
75
108
61
78
111
54
72
105
48
67
100
55
73
106
63
83
116
62
82
114
58
78
110
52
71
105
51
70
105
59
78
113
69
89
123
69
90
122
63
84
116
61
82
113
63
83
114
53
71
101
52
66
98
57
69
101
55
65
96
89
97
127
123
131
160
93
97
123
82
86
111
77
80
103
78
79
100
92
92
110
101
100
116
90
88
103
91
89
104
90
88
102
89
89
103
81
82
97
64
66
82
60
63
80
59
62
80
50
54
73
50
54
73
58
61
81
70
73
94
75
78
100
69
74
98
57
63
88
30
40
66
42
56
81
142
162
188
166
189
216
170
195
222
166
193
220
167
186
225
179
196
239
173
191
234
151
171
214
154
176
217
159
182
223
177
199
238
177
197
232
163
179
211
181
193
221
194
201
226
181
183
204
173
172
191
179
175
193
163
156
161
153
145
147
152
142
139
159
145
138
163
148
133
170
152
130
179
161
131
192
172
136
203
183
141
205
185
139
200
181
131
194
176
124
186
168
114
185
166
110
190
170
108
190
171
102
180
164
85
196
180
92
202
186
93
206
189
97
202
184
96
200
179
98
197
176
99
187
168
94
181
164
89
181
166
88
192
178
98
197
181
103
189
171
95
180
165
88
188
175
98
195
183
105
186
175
96
175
165
85
181
172
90
183
172
90
180
167
84
182
167
83
198
180
96
212
193
109
216
196
112
205
192
97
208
194
103
214
197
112
214
196
115
207
188
110
204
185
107
210
194
114
220
206
126
211
200
123
204
193
123
208
197
139
225
213
168
232
219
183
228
213
187
228
212
193
237
221
203
247
230
214
244
229
215
221
205
194
185
169
160
179
162
157
196
180
178
209
194
194
202
186
188
184
169
173
161
146
151
136
121
127
104
90
108
113
99
120
109
97
118
101
89
111
111
99
122
112
101
123
91
79
100
100
89
108
134
121
138
182
167
180
188
171
181
149
131
138
152
132
137
187
168
170
194
178
180
191
175
177
183
167
167
187
172
171
184
167
164
176
160
155
182
166
159
179
162
153
176
160
149
177
160
148
181
164
150
185
169
153
187
171
155
189
174
156
192
178
160
195
181
163
196
182
164
195
180
162
194
178
161
194
178
161
195
177
160
196
179
161
214
195
178
213
193
176
199
179
162
204
183
166
205
184
167
196
175
159
194
173
158
198
177
161
193
173
156
194
173
155
208
186
168
213
192
172
204
181
159
205
182
159
202
179
155
200
176
151
201
178
152
200
177
151
199
173
148
210
173
150
204
169
142
201
168
134
201
172
129
201
172
127
197
168
123
197
166
121
200
168
123
207
172
125
213
177
124
212
175
113
209
173
101
214
177
98
223
191
103
221
194
100
215
189
92
220
197
97
225
206
104
222
203
104
217
196
104
219
196
113
236
210
133
220
191
118
162
132
57
134
105
24
200
171
84
220
192
100
219
191
84
224
193
91
222
188
94
216
178
95
215
175
99
220
180
104
223
184
106
222
185
100
227
193
101
218
185
87
217
185
86
225
193
95
228
194
100
229
196
103
215
184
92
208
178
83
212
183
85
222
194
93
229
200
95
232
206
95
233
206
93
227
200
85
225
199
81
234
206
88
52
63
95
41
52
84
30
41
72
31
43
72
42
55
81
49
63
89
50
65
91
55
71
97
50
67
93
47
64
92
45
60
91
38
53
86
29
44
78
32
47
82
51
63
97
65
79
112
73
88
121
67
82
115
59
74
107
61
78
111
64
81
114
57
76
109
51
70
103
57
76
109
65
84
117
62
83
115
57
78
110
54
74
108
55
74
109
63
82
117
70
91
125
68
89
121
61
82
114
58
79
111
66
86
117
51
69
100
47
61
93
54
66
98
52
62
93
81
90
120
108
116
146
86
90
115
80
83
108
80
82
105
85
85
106
100
99
116
104
104
118
88
85
99
85
83
95
86
84
96
89
89
101
83
84
97
67
68
82
61
64
79
59
62
79
47
51
69
47
51
70
55
59
78
69
73
92
75
78
100
71
76
99
57
63
87
34
44
70
40
54
81
136
156
183
165
188
215
163
189
216
162
190
217
167
187
225
181
199
242
175
194
237
150
172
214
150
174
215
155
180
220
178
201
240
181
201
237
164
180
212
178
191
219
193
199
225
180
182
204
172
170
189
176
172
191
162
155
159
153
144
146
153
142
139
161
147
139
166
151
135
173
155
132
181
162
132
194
174
136
206
185
142
209
188
141
203
184
133
196
178
125
187
170
114
186
167
109
188
168
105
188
169
98
177
159
80
192
176
86
200
184
90
203
186
91
200
181
91
198
177
94
197
175
97
188
168
91
183
165
87
184
168
88
193
179
96
202
186
106
196
179
100
182
167
88
186
173
94
192
180
99
183
172
90
173
163
79
181
171
87
182
171
86
178
165
79
180
164
77
195
177
90
211
191
104
215
195
108
204
190
93
207
193
98
212
196
106
210
192
108
202
184
101
198
180
97
205
190
106
218
206
121
209
199
118
201
191
118
203
193
133
219
206
160
226
213
177
228
213
188
233
215
198
241
223
206
251
232
217
250
233
221
228
211
200
191
174
166
180
163
159
198
180
179
212
196
197
200
183
186
173
158
162
148
132
138
126
110
117
90
77
96
101
88
110
102
90
112
97
85
108
109
97
121
110
101
122
89
77
99
101
90
110
141
129
146
188
173
187
182
165
176
145
127
135
162
142
148
191
172
175
197
180
183
197
181
183
184
168
169
186
171
169
184
167
164
174
158
154
181
164
158
179
162
154
177
160
149
177
161
148
180
163
150
185
169
153
188
172
156
191
176
159
193
179
161
195
181
163
194
180
162
193
177
160
193
177
160
196
180
163
198
180
163
196
178
161
214
196
179
216
196
179
202
182
165
207
187
170
208
188
171
191
171
155
190
169
154
198
177
161
197
177
160
199
178
161
212
190
172
216
195
174
206
183
161
206
184
161
203
180
156
200
176
151
200
177
151
198
175
149
196
171
145
209
172
149
204
169
142
200
168
134
202
172
130
202
173
128
197
168
123
197
167
122
203
171
126
210
175
128
214
178
126
212
175
113
209
173
101
214
178
98
223
190
103
220
192
99
214
188
91
220
197
97
227
208
105
224
204
105
217
196
104
219
195
111
236
210
132
224
195
121
166
137
61
135
106
24
201
172
83
222
194
101
220
191
85
225
194
92
224
190
96
217
179
95
215
176
99
219
179
104
223
184
105
221
185
99
226
192
100
217
185
87
218
186
87
226
194
96
229
195
101
230
197
104
217
186
94
210
180
86
214
184
87
223
195
95
230
201
96
233
206
95
233
206
93
229
202
87
228
201
84
237
209
91
51
61
94
41
52
85
32
43
74
32
43
72
41
54
81
47
62
88
48
63
89
52
68
94
48
65
91
47
63
91
46
61
92
41
56
89
32
47
81
32
47
82
49
62
96
65
79
112
72
87
120
65
81
114
58
74
107
61
78
112
65
83
116
58
77
110
52
71
104
56
76
109
63
83
115
60
81
113
56
78
110
55
75
109
57
76
111
65
84
119
71
91
125
67
88
120
59
80
112
57
78
110
65
85
116
53
70
102
51
65
97
59
71
104
56
66
97
79
88
118
100
108
138
83
86
111
79
82
106
81
83
104
87
87
106
101
100
116
105
105
118
88
85
99
86
83
94
86
84
95
90
89
100
84
85
97
69
70
83
63
66
79
60
63
78
48
52
69
48
52
69
55
58
77
67
71
90
74
77
99
71
76
99
57
64
88
35
46
72
36
51
77
128
147
175
162
186
213
161
187
215
162
191
219
168
189
228
179
199
242
173
193
236
149
172
214
152
176
217
155
180
220
175
199
237
179
200
236
163
179
212
177
189
217
191
197
223
180
182
204
172
171
190
174
171
190
164
157
161
154
145
146
153
142
138
161
148
139
167
151
135
173
155
131
180
161
130
192
172
134
204
183
140
207
187
139
201
182
131
194
176
122
185
168
111
185
166
108
191
170
106
191
171
100
181
163
82
194
178
88
203
186
91
203
185
91
202
182
92
200
178
94
199
176
97
189
169
91
183
165
86
184
168
86
192
178
93
202
186
105
197
180
100
182
168
87
185
172
91
191
179
97
182
171
87
173
163
78
181
171
85
184
171
86
179
165
78
180
163
75
195
176
88
210
190
101
214
193
105
202
189
90
206
192
96
211
195
104
210
192
106
202
184
99
198
181
95
204
190
103
215
204
117
209
199
117
202
192
119
204
193
133
216
204
157
221
208
172
223
207
183
228
209
194
235
216
200
245
225
211
247
229
218
229
210
201
194
177
169
180
162
159
193
175
174
205
189
190
191
174
178
164
148
153
140
125
131
125
109
117
94
80
100
101
88
110
104
92
115
102
90
113
108
97
121
105
96
118
89
78
100
108
97
118
150
138
155
186
172
186
167
150
161
135
118
126
165
146
152
185
167
170
188
172
174
196
179
181
186
170
171
186
170
170
183
166
164
175
158
155
182
165
159
180
163
155
178
162
151
178
162
149
180
163
150
185
169
153
189
173
157
191
176
159
193
179
161
194
180
162
192
178
160
190
175
158
192
176
159
196
180
163
198
181
164
196
178
161
211
194
177
214
194
177
201
181
164
207
187
170
208
188
171
192
171
156
190
169
154
198
177
162
197
177
160
199
178
160
210
188
170
213
192
171
204
181
159
205
183
160
203
180
155
199
176
151
198
175
149
197
174
148
196
170
145
207
171
148
203
168
141
200
168
133
201
172
130
202
173
128
197
168
123
198
168
123
204
172
127
210
175
128
214
178
125
212
175
113
209
173
101
215
178
99
223
190
103
220
192
98
214
188
91
221
198
98
228
209
106
225
205
106
218
197
105
218
194
110
234
209
130
225
196
122
168
138
62
135
106
23
201
172
83
223
195
101
219
190
84
225
193
91
224
189
96
217
179
96
215
176
99
219
179
104
222
183
104
221
184
99
226
192
99
217
185
87
218
186
87
226
193
96
228
194
100
229
195
103
217
187
95
211
181
87
215
185
88
224
196
95
230
201
96
231
204
94
231
204
92
229
202
87
228
202
85
237
209
92
46
55
92
45
55
89
38
49
82
36
47
77
39
52
81
44
58
85
41
57
83
39
56
82
39
56
83
44
61
88
53
69
98
56
74
105
45
62
94
34
51
84
43
58
91
66
81
114
69
85
118
56
73
106
53
70
103
63
81
114
69
88
121
65
84
117
56
77
109
55
76
108
54
75
107
52
74
106
53
76
108
62
81
117
68
86
123
75
93
130
72
92
127
61
81
116
52
72
107
53
73
108
60
79
112
60
76
109
70
84
117
85
96
129
73
83
116
71
79
112
64
71
104
69
72
93
73
75
96
85
85
104
95
94
111
110
108
121
113
109
120
92
89
98
89
85
91
88
85
91
93
91
97
93
92
98
81
81
87
69
71
79
64
66
77
54
57
71
50
53
68
52
55
70
61
63
81
69
73
93
71
77
99
60
68
91
44
56
81
19
35
62
88
109
137
153
178
206
151
179
209
166
197
226
175
201
240
175
199
241
163
187
229
149
175
217
159
187
228
157
183
224
163
189
227
172
195
231
158
176
209
170
183
211
183
191
216
181
184
205
176
174
195
169
166
185
175
167
167
161
151
149
155
144
137
162
149
137
170
155
137
172
155
128
175
155
121
184
163
122
197
175
129
200
179
128
195
175
119
187
167
110
177
157
99
186
164
103
203
180
112
206
183
109
199
179
95
208
190
97
216
196
99
207
186
88
211
188
95
210
186
97
206
182
98
195
173
91
186
166
81
186
169
80
187
172
79
204
187
100
206
189
103
186
169
83
181
167
79
188
175
87
179
168
79
176
162
73
185
172
81
190
175
83
185
167
74
181
162
68
194
173
78
208
184
89
210
185
91
198
185
79
203
188
86
209
193
94
208
190
95
200
184
88
198
183
85
199
187
89
201
192
95
208
200
110
210
201
124
207
198
134
203
191
145
200
186
152
203
184
164
207
184
173
205
182
174
215
192
184
233
211
205
232
210
206
211
190
189
179
158
159
170
151
154
172
155
159
151
134
139
119
102
110
108
91
100
121
106
114
111
97
120
98
85
111
111
100
126
124
114
140
105
96
122
84
75
101
88
80
104
143
134
155
191
180
199
178
166
182
94
79
92
90
73
84
180
161
171
158
141
147
145
131
133
190
175
177
194
178
180
185
169
170
180
165
164
180
163
159
187
171
164
185
169
161
186
169
160
184
167
156
180
164
151
186
169
155
195
179
163
196
181
164
192
178
160
189
175
157
182
168
150
179
164
147
186
170
153
197
181
164
202
184
167
195
177
160
203
185
168
205
187
170
199
179
162
208
188
171
207
187
170
194
173
158
190
169
154
199
179
163
200
180
163
198
177
159
203
181
163
200
179
159
195
172
150
202
180
157
203
180
156
197
174
149
193
170
144
191
168
142
192
166
141
202
165
143
200
164
138
198
168
133
200
172
130
200
174
128
198
169
124
200
170
125
208
176
131
212
177
130
214
178
125
211
174
112
210
174
102
217
182
102
222
191
103
217
189
96
214
189
91
226
202
102
236
214
113
231
211
112
222
201
108
213
190
104
228
203
123
231
202
125
176
146
65
134
105
19
201
173
80
229
202
104
215
186
82
223
191
90
224
189
98
219
181
99
217
177
101
219
179
104
220
181
102
220
184
97
226
192
98
218
185
87
219
187
87
226
194
95
224
190
96
224
190
97
221
190
99
217
186
94
220
190
94
227
199
98
230
201
97
225
198
89
226
199
87
229
202
87
231
204
89
241
213
95
46
55
92
45
55
89
38
49
82
36
47
77
39
52
81
44
58
85
41
57
83
39
56
82
39
56
83
44
61
88
53
69
98
56
74
105
45
62
94
34
51
84
43
58
91
66
81
114
69
85
118
56
73
106
53
70
103
63
81
114
69
88
121
65
84
117
56
77
109
55
76
108
54
75
107
52
74
106
53
76
108
62
81
117
68
86
123
75
93
130
72
92
127
61
81
116
52
72
107
53
73
108
60
79
112
60
76
109
70
84
117
85
96
129
73
83
116
71
79
112
64
71
104
69
72
93
73
75
96
85
85
104
95
94
111
110
108
121
113
109
120
92
89
98
89
85
91
88
85
91
93
91
97
93
92
98
81
81
87
69
71
79
64
66
77
54
57
71
50
53
68
52
55
70
61
63
81
69
73
93
71
77
99
60
68
91
44
56
81
19
35
62
88
109
137
153
178
206
151
179
209
166
197
226
175
201
240
175
199
241
163
187
229
149
175
217
159
187
228
157
183
224
163
189
227
172
195
231
158
176
209
170
183
211
183
191
216
181
184
205
176
174
195
169
166
185
175
167
167
161
151
149
155
144
137
162
149
137
170
155
137
172
155
128
175
155
121
184
163
122
197
175
129
200
179
128
195
175
119
187
167
110
177
157
99
186
164
103
203
180
112
206
183
109
199
179
95
208
190
97
216
196
99
207
186
88
211
188
95
210
186
97
206
182
98
195
173
91
186
166
81
186
169
80
187
172
79
204
187
100
206
189
103
186
169
83
181
167
79
188
175
87
179
168
79
176
162
73
185
172
81
190
175
83
185
167
74
181
162
68
194
173
78
208
184
89
210
185
91
198
185
79
203
188
86
209
193
94
208
190
95
200
184
88
198
183
85
199
187
89
201
192
95
208
200
110
210
201
124
207
198
134
203
191
145
200
186
152
203
184
164
207
184
173
205
182
174
215
192
184
233
211
205
232
210
206
211
190
189
179
158
159
170
151
154
172
155
159
151
134
139
119
102
110
108
91
100
121
106
114
111
97
120
98
85
111
111
100
126
124
114
140
105
96
122
84
75
101
88
80
104
143
134
155
191
180
199
178
166
182
94
79
92
90
73
84
180
161
171
158
141
147
145
131
133
190
175
177
194
178
180
185
169
170
180
165
164
180
163
159
187
171
164
185
169
161
186
169
160
184
167
156
180
164
151
186
169
155
195
179
163
196
181
164
192
178
160
189
175
157
182
168
150
179
164
147
186
170
153
197
181
164
202
184
167
195
177
160
203
185
168
205
187
170
199
179
162
208
188
171
207
187
170
194
173
158
190
169
154
199
179
163
200
180
163
198
177
159
203
181
163
200
179
159
195
172
150
202
180
157
203
180
156
197
174
149
193
170
144
191
168
142
192
166
141
202
165
143
200
164
138
198
168
133
200
172
130
200
174
128
198
169
124
200
170
125
208
176
131
212
177
130
214
178
125
211
174
112
210
174
102
217
182
102
222
191
103
217
189
96
214
189
91
226
202
102
236
214
113
231
211
112
222
201
108
213
190
104
228
203
123
231
202
125
176
146
65
134
105
19
201
173
80
229
202
104
215
186
82
223
191
90
224
189
98
219
181
99
217
177
101
219
179
104
220
181
102
220
184
97
226
192
98
218
185
87
219
187
87
226
194
95
224
190
96
224
190
97
221
190
99
217
186
94
220
190
94
227
199
98
230
201
97
225
198
89
226
199
87
229
202
87
231
204
89
241
213
95
44
53
90
47
56
92
41
52
87
36
48
80
38
51
81
39
53
81
34
51
77
41
58
84
42
59
85
45
63
90
55
73
101
63
81
110
52
70
101
37
54
86
41
57
90
63
79
112
63
80
113
48
66
99
47
66
99
58
77
110
61
81
113
54
75
107
49
70
102
48
71
103
50
72
104
52
74
106
58
81
113
66
85
122
71
88
126
75
93
131
72
91
128
61
81
117
54
74
110
57
76
112
59
78
113
70
86
121
82
95
130
86
97
131
70
79
113
72
79
113
66
73
107
76
78
98
72
74
93
78
78
95
85
84
98
100
97
108
107
103
111
95
90
94
91
86
89
90
86
88
94
90
93
96
95
97
91
90
92
80
80
83
74
75
81
68
70
82
62
64
77
57
60
74
58
61
77
63
67
86
67
73
93
60
68
91
49
61
86
20
37
64
70
93
121
154
180
210
155
185
215
161
193
224
168
197
235
169
196
237
161
189
230
152
181
222
156
186
227
153
182
222
158
186
223
173
198
234
166
186
218
177
190
220
189
197
223
190
192
215
185
183
205
172
170
190
177
167
167
161
151
147
154
142
134
162
149
134
172
157
136
175
157
128
174
155
118
182
161
118
195
173
124
200
177
124
195
174
115
187
166
106
177
156
95
181
158
95
193
168
100
200
175
100
200
177
93
206
185
90
209
187
89
195
171
72
217
192
97
220
194
104
213
187
101
203
180
95
193
172
84
194
175
82
192
176
79
201
183
93
207
189
100
187
169
80
182
166
75
192
176
85
184
169
77
181
166
72
191
176
80
198
180
85
193
172
75
188
166
68
198
175
77
211
186
88
211
186
88
202
187
79
207
192
85
213
197
93
211
194
93
202
187
85
201
187
83
202
190
87
201
193
93
208
201
108
210
203
124
207
198
136
204
192
149
206
192
162
211
192
177
215
190
186
212
187
186
220
197
195
237
213
214
230
208
209
204
183
186
176
157
162
157
138
144
142
125
133
136
120
129
124
108
119
113
98
109
114
99
112
110
98
124
97
86
115
99
89
118
106
96
125
94
86
114
91
84
110
111
104
129
155
146
169
179
169
189
165
153
171
88
74
90
78
62
75
170
153
164
152
135
143
136
121
125
187
172
175
191
176
178
168
152
154
159
144
142
171
155
152
184
168
163
184
168
161
185
168
160
183
167
155
179
164
151
184
167
154
192
176
162
195
180
164
193
179
163
193
178
162
186
172
155
181
166
150
187
172
155
199
183
167
203
186
170
198
180
164
199
181
165
197
178
162
196
176
160
206
185
170
205
185
169
196
175
160
190
169
154
195
174
159
195
175
158
192
171
154
196
174
155
193
172
151
188
165
143
200
178
155
205
183
158
201
178
152
197
173
147
196
173
147
196
170
145
198
161
139
198
164
136
198
168
133
199
172
129
199
173
127
198
170
125
200
171
126
205
172
127
207
173
125
211
175
122
210
175
112
212
176
104
220
184
105
224
193
105
219
191
98
218
192
94
229
205
105
239
217
116
234
214
114
225
205
110
215
192
105
228
202
121
234
206
127
181
151
69
137
109
20
206
179
83
236
210
110
213
184
79
219
187
87
222
187
96
219
181
99
218
179
101
219
180
103
219
181
100
222
186
98
227
194
98
218
186
87
218
186
86
223
191
92
220
186
90
220
186
93
223
192
102
220
189
97
222
192
97
227
198
99
228
199
95
220
192
85
217
190
79
220
192
79
225
198
83
234
205
89
43
52
90
48
57
94
43
53
89
36
49
82
37
51
81
37
51
79
31
48
74
42
59
85
44
61
87
46
64
91
56
75
102
66
84
113
56
74
105
38
56
87
40
57
90
61
78
111
61
78
111
44
63
96
44
63
96
56
76
108
56
77
109
49
70
102
45
67
99
45
68
100
48
71
103
52
75
107
61
84
116
68
87
124
72
89
128
76
94
131
72
91
128
62
81
118
55
74
111
59
78
114
59
78
113
76
91
127
88
101
137
86
97
131
68
77
111
72
78
113
68
74
109
80
81
101
72
74
92
75
75
91
81
80
92
95
92
102
104
101
107
96
91
93
92
87
88
92
87
88
95
90
91
99
96
96
97
95
95
85
85
85
79
80
84
75
77
88
68
70
81
59
62
76
57
60
75
60
65
83
65
72
91
60
68
91
51
63
89
20
38
65
62
85
113
154
181
211
158
188
219
159
191
223
165
195
233
166
194
235
160
190
231
154
184
225
155
185
226
152
182
222
155
185
222
174
200
237
170
190
222
181
194
225
192
200
227
195
196
221
189
188
210
174
172
192
178
168
167
161
151
147
154
142
132
162
149
133
173
158
136
177
159
128
175
155
117
182
160
115
194
172
122
200
177
122
195
174
113
187
166
104
177
156
93
179
156
91
188
162
94
197
171
96
200
177
92
205
183
87
207
183
84
188
164
65
220
194
98
226
199
108
217
190
102
208
183
97
197
175
86
197
178
84
194
178
79
199
181
90
207
189
99
187
169
78
183
165
74
194
177
85
187
170
77
184
167
72
194
177
81
203
183
86
197
175
76
192
167
69
201
177
77
213
188
88
212
186
86
204
189
79
209
193
85
215
199
92
212
196
92
203
189
83
203
189
83
204
192
87
202
195
91
208
203
107
210
204
124
206
199
137
205
193
152
209
195
168
216
196
184
219
193
193
216
189
192
223
199
201
239
214
218
229
206
211
201
179
186
175
156
164
150
131
140
127
110
121
129
112
124
127
111
124
116
101
114
111
96
110
110
99
126
97
87
117
94
84
114
97
87
117
89
81
110
95
88
115
123
117
142
161
153
176
173
164
185
159
147
166
85
72
89
72
57
71
165
148
161
148
132
142
132
117
121
186
172
175
189
175
177
160
144
146
149
133
132
167
151
149
183
166
162
183
167
161
185
168
160
183
166
155
179
163
151
183
166
153
192
175
162
194
179
164
193
180
164
195
180
164
188
173
157
182
167
151
188
173
157
200
184
168
204
188
172
201
182
167
198
179
164
193
174
159
195
175
160
205
184
169
204
183
168
198
177
162
189
168
153
193
172
157
193
173
156
190
168
151
192
170
152
189
168
148
184
161
139
200
177
154
207
184
160
203
179
154
198
175
149
199
176
150
198
173
147
196
160
137
197
163
136
198
169
134
199
172
129
198
172
126
197
171
125
200
171
126
203
171
126
204
171
124
209
174
121
210
175
112
214
178
105
221
186
106
225
194
106
221
192
99
221
194
96
231
207
107
240
219
117
236
216
115
227
206
111
216
194
106
229
202
120
236
209
129
183
154
72
139
111
20
209
182
85
240
215
114
212
183
78
218
185
86
221
186
95
219
181
99
219
180
101
220
181
103
219
181
99
223
187
98
228
195
99
219
187
87
218
186
86
222
190
91
217
184
87
218
184
91
224
192
103
221
190
99
224
193
99
227
198
100
227
198
94
218
190
83
213
185
75
215
188
75
222
195
80
231
202
87
41
51
89
46
56
94
42
53
89
36
49
82
38
51
81
37
51
80
30
48
73
42
59
85
44
62
88
46
64
91
55
74
101
65
83
112
56
74
105
39
56
88
40
57
90
60
77
110
59
77
110
44
63
96
45
64
97
55
75
108
55
76
108
48
69
101
44
67
99
45
68
100
48
71
103
52
76
108
61
85
117
68
87
124
70
87
126
74
92
129
71
90
127
62
81
119
56
76
112
59
79
115
58
77
112
75
91
127
85
98
134
81
92
126
64
73
108
72
79
114
72
78
113
83
84
103
73
74
92
74
74
90
80
79
91
94
91
100
104
100
106
96
91
93
93
87
88
93
88
88
96
91
91
99
96
95
98
96
95
88
87
86
81
82
85
77
79
89
71
72
83
61
64
77
57
60
75
60
64
82
64
71
90
59
68
90
51
63
89
25
43
70
60
84
112
150
177
208
158
188
219
157
189
221
162
192
231
164
193
234
160
191
231
153
184
225
152
183
224
150
181
221
155
185
222
173
200
236
170
190
222
181
195
226
192
201
227
194
196
221
189
187
210
174
172
192
177
167
166
161
151
147
154
142
132
162
149
133
174
158
136
178
160
129
176
156
117
183
161
116
196
174
123
201
178
123
197
175
114
189
168
105
180
158
95
182
158
93
190
162
95
198
172
96
202
178
93
206
183
88
208
184
85
191
166
67
222
195
100
225
197
107
214
187
100
206
181
95
196
174
84
197
177
83
194
177
78
197
179
88
207
189
98
188
170
78
184
166
74
195
177
85
187
169
76
184
167
71
195
177
80
203
183
85
197
175
76
192
167
68
201
176
77
214
187
87
213
186
86
203
188
78
209
193
84
214
198
92
212
195
91
203
188
82
202
188
82
205
193
87
204
197
94
207
202
107
208
202
122
203
196
135
203
191
151
208
194
168
217
198
187
221
195
197
215
189
193
219
194
198
230
206
211
218
196
202
189
168
176
165
146
155
143
124
134
124
107
119
126
110
123
124
109
123
114
100
114
110
96
111
106
95
123
94
84
115
90
80
110
90
81
111
86
79
108
97
91
118
124
118
143
157
149
172
166
157
178
157
146
165
94
82
99
79
64
79
163
146
160
150
133
143
137
122
126
183
168
171
183
169
171
154
139
141
145
130
129
166
151
149
182
166
162
182
166
160
183
167
159
182
166
155
180
164
152
183
167
154
190
174
161
193
178
163
193
180
164
196
182
166
191
176
160
185
170
154
189
174
158
200
184
168
204
188
172
202
184
169
199
180
165
192
173
158
195
175
160
204
184
169
204
183
169
198
177
162
189
168
153
193
172
157
193
174
156
190
169
151
193
171
153
190
168
148
185
161
140
200
177
154
208
185
160
204
180
155
199
176
150
199
176
150
198
173
147
196
159
137
197
164
136
199
169
134
199
171
129
198
172
126
197
171
125
200
171
126
202
170
125
204
171
123
209
173
120
210
175
113
214
178
106
221
186
106
225
194
107
222
193
100
221
194
97
231
207
107
240
218
116
236
215
115
227
206
111
217
195
107
229
202
120
236
208
128
183
155
71
139
111
20
210
183
85
241
216
114
214
184
79
218
186
87
221
186
95
219
181
99
219
180
101
220
181
103
219
181
99
223
188
98
228
194
98
218
186
86
218
186
85
222
190
91
218
184
87
218
185
92
225
193
104
222
191
100
224
194
100
228
198
100
227
198
94
218
189
83
212
184
74
214
186
74
220
193
79
230
201
86
35
45
85
40
50
90
38
50
87
37
49
83
41
53
86
37
52
82
28
45
72
43
60
86
47
65
91
44
64
90
48
67
94
60
78
107
57
75
104
42
60
90
39
57
90
54
73
106
52
71
104
43
62
95
49
69
101
53
74
106
47
68
100
38
61
93
39
62
94
47
70
102
52
77
109
57
82
114
65
90
122
66
85
122
62
79
118
64
81
120
68
87
125
67
86
123
63
82
119
63
82
119
53
71
108
73
89
125
71
84
120
52
62
99
43
52
89
77
84
119
96
102
137
100
100
117
77
77
93
72
71
84
79
76
86
90
87
92
102
97
100
99
93
92
99
92
89
101
95
91
98
93
88
100
96
91
107
104
99
102
99
94
92
91
91
88
90
98
83
85
95
73
75
86
59
62
76
57
61
77
59
66
84
55
64
86
51
64
90
50
68
96
52
77
107
130
159
191
158
190
223
145
180
213
148
181
219
155
188
228
158
193
233
153
188
228
138
173
213
145
178
218
155
187
224
171
199
234
168
189
224
183
199
229
195
205
233
193
197
222
186
185
208
174
171
193
172
163
160
162
151
146
157
145
134
165
150
133
177
160
136
184
165
132
184
163
123
190
167
119
203
180
126
209
186
127
206
183
119
202
178
112
194
171
104
196
169
102
199
167
100
202
173
99
209
182
97
210
183
91
215
188
92
204
176
79
234
204
111
221
191
101
203
173
86
198
171
83
190
165
74
194
172
75
194
173
73
189
170
77
206
187
96
192
173
81
192
171
79
203
183
89
191
171
76
186
165
69
198
176
80
207
184
85
200
175
76
194
166
66
204
175
76
217
187
87
217
187
86
201
184
74
208
190
82
214
196
89
211
192
86
200
184
77
199
186
78
208
197
89
218
211
108
208
202
110
196
190
114
188
180
125
193
180
147
204
190
171
226
206
205
233
207
221
211
186
200
195
170
184
184
162
176
163
142
157
129
109
125
108
90
107
104
88
106
107
93
111
111
99
118
111
100
120
106
95
115
104
93
113
84
75
104
83
75
106
69
62
93
56
50
81
74
68
98
108
103
132
131
126
153
136
130
155
129
121
144
148
138
158
148
136
155
116
103
120
151
136
150
157
141
153
165
150
154
165
150
154
151
137
140
126
112
114
129
113
114
162
147
145
178
162
158
178
162
156
176
160
153
179
162
154
183
167
155
186
170
158
186
170
157
186
171
157
193
180
164
204
191
175
206
193
177
199
184
168
195
180
164
199
183
167
204
188
172
213
197
181
207
188
173
190
171
156
195
176
161
202
183
168
205
185
170
199
178
163
189
168
153
194
173
158
197
177
160
195
174
156
196
174
156
192
170
150
186
163
141
202
180
157
213
190
165
210
187
162
205
182
156
202
179
153
199
173
148
195
159
136
199
167
139
202
172
137
200
172
130
196
170
124
197
171
125
199
172
126
200
168
123
201
168
121
209
173
120
213
178
115
214
180
108
219
186
105
228
196
109
229
198
105
224
196
101
231
207
107
237
215
113
233
211
111
227
205
110
224
200
111
228
202
118
235
206
124
184
157
71
142
114
22
216
188
90
247
221
116
221
191
87
222
190
92
222
187
97
220
182
99
220
181
103
220
181
102
217
180
96
224
190
98
227
194
96
216
184
83
216
185
82
223
191
91
219
186
89
221
187
95
229
197
109
227
195
105
227
196
103
229
199
102
228
198
97
217
188
83
206
178
69
206
178
67
215
188
75
225
195
82
35
45
85
40
50
90
38
50
87
37
49
83
41
53
86
37
52
82
28
45
72
43
60
86
47
65
91
44
64
90
48
67
94
60
78
107
57
75
104
42
60
90
39
57
90
54
73
106
52
71
104
43
62
95
49
69
101
53
74
106
47
68
100
38
61
93
39
62
94
47
70
102
52
77
109
57
82
114
65
90
122
66
85
122
62
79
118
64
81
120
68
87
125
67
86
123
63
82
119
63
82
119
53
71
108
73
89
125
71
84
120
52
62
99
43
52
89
77
84
119
96
102
137
100
100
117
77
77
93
72
71
84
79
76
86
90
87
92
102
97
100
99
93
92
99
92
89
101
95
91
98
93
88
100
96
91
107
104
99
102
99
94
92
91
91
88
90
98
83
85
95
73
75
86
59
62
76
57
61
77
59
66
84
55
64
86
51
64
90
50
68
96
52
77
107
130
159
191
158
190
223
145
180
213
148
181
219
155
188
228
158
193
233
153
188
228
138
173
213
145
178
218
155
187
224
171
199
234
168
189
224
183
199
229
195
205
233
193
197
222
186
185
208
174
171
193
172
163
160
162
151
146
157
145
134
165
150
133
177
160
136
184
165
132
184
163
123
190
167
119
203
180
126
209
186
127
206
183
119
202
178
112
194
171
104
196
169
102
199
167
100
202
173
99
209
182
97
210
183
91
215
188
92
204
176
79
234
204
111
221
191
101
203
173
86
198
171
83
190
165
74
194
172
75
194
173
73
189
170
77
206
187
96
192
173
81
192
171
79
203
183
89
191
171
76
186
165
69
198
176
80
207
184
85
200
175
76
194
166
66
204
175
76
217
187
87
217
187
86
201
184
74
208
190
82
214
196
89
211
192
86
200
184
77
199
186
78
208
197
89
218
211
108
208
202
110
196
190
114
188
180
125
193
180
147
204
190
171
226
206
205
233
207
221
211
186
200
195
170
184
184
162
176
163
142
157
129
109
125
108
90
107
104
88
106
107
93
111
111
99
118
111
100
120
106
95
115
104
93
113
84
75
104
83
75
106
69
62
93
56
50
81
74
68
98
108
103
132
131
126
153
136
130
155
129
121
144
148
138
158
148
136
155
116
103
120
151
136
150
157
141
153
165
150
154
165
150
154
151
137
140
126
112
114
129
113
114
162
147
145
178
162
158
178
162
156
176
160
153
179
162
154
183
167
155
186
170
158
186
170
157
186
171
157
193
180
164
204
191
175
206
193
177
199
184
168
195
180
164
199
183
167
204
188
172
213
197
181
207
188
173
190
171
156
195
176
161
202
183
168
205
185
170
199
178
163
189
168
153
194
173
158
197
177
160
195
174
156
196
174
156
192
170
150
186
163
141
202
180
157
213
190
165
210
187
162
205
182
156
202
179
153
199
173
148
195
159
136
199
167
139
202
172
137
200
172
130
196
170
124
197
171
125
199
172
126
200
168
123
201
168
121
209
173
120
213
178
115
214
180
108
219
186
105
228
196
109
229
198
105
224
196
101
231
207
107
237
215
113
233
211
111
227
205
110
224
200
111
228
202
118
235
206
124
184
157
71
142
114
22
216
188
90
247
221
116
221
191
87
222
190
92
222
187
97
220
182
99
220
181
103
220
181
102
217
180
96
224
190
98
227
194
96
216
184
83
216
185
82
223
191
91
219
186
89
221
187
95
229
197
109
227
195
105
227
196
103
229
199
102
228
198
97
217
188
83
206
178
69
206
178
67
215
188
75
225
195
82
30
40
81
34
44
84
33
44
82
36
47
83
43
57
90
40
56
85
27
44
71
33
50
77
40
59
84
38
57
83
40
59
86
54
74
101
60
80
108
47
66
96
39
57
90
52
71
104
50
69
102
48
67
99
55
75
108
55
76
108
49
71
103
45
68
100
46
70
101
52
77
109
57
82
114
58
83
115
60
85
117
61
80
118
56
73
112
56
73
112
65
84
122
69
88
126
65
84
122
62
81
118
55
72
110
78
93
130
75
89
125
58
69
105
60
68
105
104
110
147
126
132
168
106
106
123
82
82
96
80
79
91
91
89
97
102
98
102
109
103
105
105
99
96
111
104
99
114
107
101
105
100
93
101
97
89
108
106
98
104
101
94
92
91
89
88
90
96
86
89
96
78
80
88
64
66
78
58
61
77
60
66
84
53
62
83
48
62
87
63
81
110
38
63
93
100
128
160
152
184
218
148
182
216
150
185
222
149
185
224
148
184
224
149
185
225
138
174
213
146
182
221
150
183
221
166
195
231
163
186
220
184
200
231
202
210
239
197
200
226
189
187
212
182
178
202
175
166
162
168
158
150
163
151
139
166
152
135
175
159
134
182
163
129
185
162
121
191
168
118
205
181
126
212
187
127
209
186
121
206
181
115
200
175
106
201
172
105
199
165
100
196
164
92
200
171
89
200
171
82
212
182
89
210
178
85
243
212
122
225
193
106
202
170
85
196
166
80
187
160
71
192
168
73
193
171
72
185
163
71
206
184
93
196
174
83
197
175
83
210
187
95
196
172
78
189
165
70
202
177
82
210
184
87
202
174
78
194
164
67
204
173
75
218
186
88
218
186
88
199
180
72
207
187
81
213
194
90
212
193
90
204
186
83
204
190
85
208
197
94
208
201
103
199
193
106
194
187
118
193
185
137
200
189
164
211
198
188
221
202
211
210
185
209
171
148
171
143
120
143
137
117
139
133
115
138
119
102
125
108
92
115
105
91
115
100
89
113
94
85
109
94
86
110
92
85
109
84
76
101
76
69
99
76
68
101
72
66
98
68
63
94
73
68
98
87
83
112
102
98
125
119
114
139
127
120
142
142
134
154
164
153
173
142
130
147
149
135
151
136
119
134
117
103
108
116
102
106
139
124
128
157
142
145
171
156
158
185
169
168
180
165
162
178
163
157
176
160
153
180
164
157
190
173
163
193
177
165
187
171
159
180
166
152
187
174
159
206
193
178
213
200
186
204
189
175
195
179
165
192
176
162
200
184
170
220
203
189
212
194
180
190
171
158
196
177
163
201
182
168
205
185
172
201
181
166
193
172
157
201
180
164
206
186
169
201
180
163
198
176
158
190
169
149
188
165
143
203
180
157
212
189
165
209
186
161
203
180
154
196
173
147
191
166
140
195
160
137
201
169
141
204
174
140
199
173
130
194
169
124
197
171
125
200
173
127
201
170
125
203
170
123
210
175
122
216
181
118
215
181
109
216
184
103
227
195
109
231
200
108
225
196
102
228
204
103
232
209
107
228
206
105
223
202
105
223
200
110
224
198
113
227
199
116
180
152
65
139
112
19
214
187
86
242
216
111
229
197
96
228
195
98
224
190
99
221
183
101
221
182
104
220
181
102
216
179
95
222
188
95
224
192
92
213
182
79
214
183
80
224
192
91
223
191
93
226
192
100
232
199
113
230
198
109
229
198
106
230
200
105
230
199
100
218
189
86
209
180
73
209
181
72
219
191
80
229
199
88
28
37
79
31
41
81
30
40
80
35
47
83
45
59
92
42
58
87
26
43
70
27
45
72
36
56
81
34
54
80
36
55
82
51
71
98
61
82
110
49
70
99
38
57
90
50
69
102
49
68
101
50
69
102
58
79
111
56
77
109
51
73
105
49
72
104
50
73
105
56
81
113
60
85
117
58
83
115
58
83
115
58
77
116
53
70
109
52
69
108
64
83
121
70
89
127
67
86
124
61
80
117
56
74
111
80
96
133
78
91
127
62
73
109
69
77
114
119
125
162
142
148
185
110
110
126
84
85
98
84
84
95
97
96
103
109
104
107
113
107
108
109
102
99
117
111
105
120
113
106
109
104
95
102
97
88
110
107
97
105
102
94
92
91
88
88
91
95
88
91
96
81
83
90
66
68
79
58
62
77
60
65
84
51
61
82
47
60
85
71
89
117
31
56
86
83
112
143
149
181
215
150
183
218
151
187
224
146
183
221
143
179
219
148
184
224
138
174
214
148
184
222
147
181
220
163
193
230
160
184
218
184
201
233
205
214
243
199
202
229
191
189
214
186
182
207
177
168
163
171
161
153
166
154
142
168
153
136
175
158
133
182
162
127
185
163
120
192
169
118
206
182
126
213
188
128
211
187
122
209
183
116
203
178
108
203
174
107
199
164
100
192
159
88
195
164
84
195
165
78
211
179
87
213
180
88
248
217
127
228
194
109
202
168
85
195
164
79
186
158
70
191
166
72
193
169
72
183
159
67
206
182
92
198
175
84
200
177
85
214
190
98
198
173
80
191
165
71
203
177
83
212
184
89
204
174
79
194
163
67
204
172
75
219
186
89
219
186
89
198
177
71
206
185
81
214
193
91
213
193
92
206
188
87
207
192
89
209
198
97
202
195
100
194
189
105
193
186
120
196
189
143
205
193
174
215
202
197
219
200
214
197
174
202
150
128
156
115
93
121
111
92
119
117
100
127
114
98
125
107
94
120
105
93
121
97
87
114
84
77
104
85
79
106
84
79
106
72
67
94
72
65
97
72
65
98
75
68
101
75
70
102
72
68
98
75
71
100
86
83
110
110
106
131
126
120
142
139
131
152
173
162
182
156
144
163
148
134
152
124
108
123
91
77
83
90
75
81
132
117
121
174
159
162
194
180
182
197
181
181
182
167
165
179
163
159
176
160
154
181
165
158
194
177
168
197
181
169
188
172
160
177
163
150
184
171
157
207
194
180
218
205
191
206
193
179
195
179
166
188
172
159
199
182
169
223
206
193
214
197
184
191
172
159
196
177
164
200
181
168
205
186
173
203
182
167
195
174
159
204
184
168
210
190
173
205
184
166
199
177
159
190
169
148
189
166
144
204
181
158
212
189
164
209
186
161
202
179
153
193
170
144
187
162
137
194
160
137
202
170
142
205
176
141
199
173
130
193
169
123
197
171
125
201
174
128
201
171
126
204
171
124
211
177
124
218
183
120
216
182
110
215
182
102
227
195
109
232
201
109
225
196
102
226
202
102
229
206
104
225
203
103
221
200
103
223
200
110
221
196
111
223
195
111
177
149
62
138
111
17
213
186
84
240
214
108
233
201
101
231
198
102
226
191
101
222
184
101
222
183
104
220
181
103
215
178
95
221
188
93
223
191
91
212
181
77
214
183
79
224
192
92
226
193
96
229
195
103
234
201
116
231
199
111
230
199
108
231
201
106
231
200
101
220
190
88
210
181
75
212
183
74
222
193
83
232
202
91
30
39
81
31
41
81
31
42
81
37
49
85
45
59
92
39
55
85
25
43
70
28
46
73
35
55
80
34
53
80
36
56
83
50
71
98
59
80
108
48
68
98
38
57
90
50
68
101
50
68
101
51
70
103
57
78
110
55
76
108
50
72
104
49
72
104
50
73
105
54
79
111
57
82
114
57
82
114
57
82
114
58
76
115
54
70
110
54
71
110
64
83
121
68
87
125
65
84
122
60
79
117
55
73
110
79
95
132
78
91
127
63
74
110
69
78
114
115
121
158
138
144
181
108
108
124
85
86
99
85
85
96
97
95
103
109
105
108
112
106
107
109
102
99
117
110
104
119
112
105
108
102
94
101
96
87
107
105
95
104
101
93
92
91
88
86
89
94
88
91
96
83
85
92
69
71
82
59
62
77
60
65
84
52
61
82
47
61
85
69
86
115
29
54
84
76
105
136
144
175
209
149
182
217
150
186
223
145
182
220
144
181
221
147
184
224
139
175
215
147
184
222
148
181
220
163
192
229
161
184
218
183
200
232
203
212
242
198
201
228
190
188
213
185
182
207
178
168
164
171
161
153
164
153
141
166
152
135
174
158
132
182
162
128
185
163
120
191
168
117
204
180
124
213
188
127
211
187
121
208
182
115
202
177
107
203
173
106
199
165
100
193
160
89
196
165
85
197
166
79
210
178
87
212
179
88
243
211
122
226
192
107
203
168
86
196
165
80
187
159
71
191
166
73
192
169
71
184
160
68
204
180
90
199
174
84
200
176
85
211
187
95
197
172
79
190
164
71
202
175
81
212
183
89
204
174
79
194
163
67
204
172
76
221
188
91
219
186
90
197
177
71
205
184
81
212
191
90
211
192
91
207
188
89
207
192
91
207
196
97
201
194
100
195
190
108
194
187
123
197
190
147
207
196
178
216
203
200
214
196
211
190
167
197
146
125
154
114
93
122
111
93
122
117
100
129
112
97
125
104
92
119
102
90
119
93
85
113
81
75
103
82
77
105
81
77
104
71
66
94
72
65
98
72
65
98
75
68
101
75
70
102
71
67
97
74
70
99
94
91
117
119
115
140
129
123
146
139
132
152
169
159
179
158
146
165
151
137
156
123
108
123
90
76
83
93
79
84
135
120
124
175
161
163
193
180
182
193
177
177
179
164
162
179
164
160
179
163
157
184
168
161
195
178
169
196
179
168
187
171
159
177
162
149
182
169
155
204
191
177
214
201
187
204
190
177
194
178
165
188
172
159
199
182
169
221
204
191
214
197
184
192
173
161
196
177
164
200
181
168
204
185
172
203
182
167
196
175
160
204
183
168
208
188
171
204
183
166
199
177
159
191
170
149
189
166
144
204
181
158
212
189
164
209
185
160
201
178
152
191
168
143
188
162
137
195
161
137
202
169
142
205
175
140
199
173
131
193
169
124
197
171
125
201
174
128
202
171
127
204
172
124
211
177
124
217
182
120
216
182
110
215
183
102
227
195
109
233
201
109
225
197
102
225
201
101
229
206
104
226
204
103
223
201
104
223
199
109
221
195
110
224
195
111
181
153
66
141
114
20
211
184
82
239
213
107
232
200
100
231
198
102
225
190
100
221
183
101
222
183
104
221
182
103
217
180
96
220
186
92
222
190
90
213
182
78
214
184
80
225
193
93
225
193
95
230
196
104
234
200
116
231
198
111
229
198
108
230
200
106
231
199
101
220
191
89
212
183
77
212
183
75
221
192
82
231
201
90
44
53
96
35
45
87
42
53
92
53
66
103
45
60
93
27
43
72
18
37
64
35
54
81
31
50
77
32
53
80
42
63
90
49
70
98
47
68
96
41
61
91
38
57
90
44
63
96
53
72
105
58
77
110
53
74
106
48
69
101
47
69
101
49
72
104
50
73
105
43
68
100
43
68
100
50
75
107
57
82
114
55
74
113
59
76
115
67
84
123
65
84
122
58
77
115
55
74
112
56
75
112
49
67
104
72
88
124
79
92
128
68
79
115
71
79
116
93
99
136
113
119
156
97
99
114
92
93
106
91
91
102
96
95
102
111
109
112
109
104
103
110
104
100
116
109
103
111
104
96
103
96
87
94
89
80
93
88
79
97
95
85
91
90
85
80
81
85
88
89
94
97
99
106
87
88
98
64
66
80
61
67
83
54
63
84
51
64
89
55
70
99
19
40
71
33
59
92
114
143
178
144
176
211
147
183
220
137
174
212
155
194
232
146
185
224
147
186
225
147
184
224
150
184
223
161
190
227
163
186
221
178
195
228
195
205
236
191
196
224
181
181
207
181
178
204
181
172
168
168
157
152
156
144
133
158
143
126
174
156
130
187
167
132
190
168
124
185
161
111
195
169
111
212
185
122
212
186
119
205
180
110
200
175
103
200
169
103
205
168
107
200
165
98
202
167
93
207
173
90
209
174
88
206
170
85
212
175
92
215
177
98
210
172
94
203
168
89
196
166
81
193
165
75
191
166
71
188
164
75
195
169
82
201
174
87
201
174
86
195
168
78
191
162
72
189
159
70
192
160
71
213
181
91
208
174
84
196
162
72
205
170
80
232
197
107
221
186
96
198
175
75
201
178
80
200
178
82
204
182
89
212
193
101
210
193
102
198
186
97
194
187
104
206
200
130
201
195
143
207
200
170
220
211
205
224
211
220
184
168
194
147
129
168
123
108
146
112
97
135
116
103
141
114
102
140
99
89
127
87
80
116
81
75
110
74
70
105
66
65
99
63
63
97
61
62
96
60
61
95
72
67
102
73
66
101
75
70
102
75
71
102
64
62
92
67
66
93
141
141
165
180
178
200
150
147
168
140
134
154
148
139
158
173
162
180
174
160
178
119
104
121
86
71
78
113
99
105
153
139
145
184
169
174
189
175
177
166
152
153
162
146
146
183
168
166
196
180
175
204
188
181
201
185
178
190
175
166
182
165
155
172
159
146
173
162
148
186
174
160
194
181
167
191
178
164
188
174
161
190
174
161
201
185
172
209
192
179
210
193
180
202
185
172
194
176
163
196
177
164
202
183
170
203
182
168
206
185
170
202
182
166
198
178
161
201
180
162
202
180
162
196
175
154
191
168
146
207
184
161
210
187
163
207
183
158
195
172
146
184
161
135
190
165
139
197
163
140
199
167
140
202
174
139
201
176
133
196
172
126
199
174
128
203
176
130
203
173
128
208
176
128
211
178
125
213
180
117
215
182
110
218
186
106
230
197
111
236
204
112
229
199
104
223
197
97
228
205
103
233
211
110
230
208
111
221
198
108
218
191
106
226
198
114
206
177
90
163
134
40
197
170
68
236
207
103
226
194
95
230
196
101
221
186
98
219
181
99
224
185
106
223
185
104
228
191
106
213
179
85
217
186
84
219
189
84
218
188
83
231
200
99
222
190
91
236
203
109
232
198
115
228
194
109
225
193
105
226
195
102
228
196
99
227
197
96
225
196
91
216
186
80
217
188
79
226
195
86
44
53
96
35
45
87
42
53
92
53
66
103
45
60
93
27
43
72
18
37
64
35
54
81
31
50
77
32
53
80
42
63
90
49
70
98
47
68
96
41
61
91
38
57
90
44
63
96
53
72
105
58
77
110
53
74
106
48
69
101
47
69
101
49
72
104
50
73
105
43
68
100
43
68
100
50
75
107
57
82
114
55
74
113
59
76
115
67
84
123
65
84
122
58
77
115
55
74
112
56
75
112
49
67
104
72
88
124
79
92
128
68
79
115
71
79
116
93
99
136
113
119
156
97
99
114
92
93
106
91
91
102
96
95
102
111
109
112
109
104
103
110
104
100
116
109
103
111
104
96
103
96
87
94
89
80
93
88
79
97
95
85
91
90
85
80
81
85
88
89
94
97
99
106
87
88
98
64
66
80
61
67
83
54
63
84
51
64
89
55
70
99
19
40
71
33
59
92
114
143
178
144
176
211
147
183
220
137
174
212
155
194
232
146
185
224
147
186
225
147
184
224
150
184
223
161
190
227
163
186
221
178
195
228
195
205
236
191
196
224
181
181
207
181
178
204
181
172
168
168
157
152
156
144
133
158
143
126
174
156
130
187
167
132
190
168
124
185
161
111
195
169
111
212
185
122
212
186
119
205
180
110
200
175
103
200
169
103
205
168
107
200
165
98
202
167
93
207
173
90
209
174
88
206
170
85
212
175
92
215
177
98
210
172
94
203
168
89
196
166
81
193
165
75
191
166
71
188
164
75
195
169
82
201
174
87
201
174
86
195
168
78
191
162
72
189
159
70
192
160
71
213
181
91
208
174
84
196
162
72
205
170
80
232
197
107
221
186
96
198
175
75
201
178
80
200
178
82
204
182
89
212
193
101
210
193
102
198
186
97
194
187
104
206
200
130
201
195
143
207
200
170
220
211
205
224
211
220
184
168
194
147
129
168
123
108
146
112
97
135
116
103
141
114
102
140
99
89
127
87
80
116
81
75
110
74
70
105
66
65
99
63
63
97
61
62
96
60
61
95
72
67
102
73
66
101
75
70
102
75
71
102
64
62
92
67
66
93
141
141
165
180
178
200
150
147
168
140
134
154
148
139
158
173
162
180
174
160
178
119
104
121
86
71
78
113
99
105
153
139
145
184
169
174
189
175
177
166
152
153
162
146
146
183
168
166
196
180
175
204
188
181
201
185
178
190
175
166
182
165
155
172
159
146
173
162
148
186
174
160
194
181
167
191
178
164
188
174
161
190
174
161
201
185
172
209
192
179
210
193
180
202
185
172
194
176
163
196
177
164
202
183
170
203
182
168
206
185
170
202
182
166
198
178
161
201
180
162
202
180
162
196
175
154
191
168
146
207
184
161
210
187
163
207
183
158
195
172
146
184
161
135
190
165
139
197
163
140
199
167
140
202
174
139
201
176
133
196
172
126
199
174
128
203
176
130
203
173
128
208
176
128
211
178
125
213
180
117
215
182
110
218
186
106
230
197
111
236
204
112
229
199
104
223
197
97
228
205
103
233
211
110
230
208
111
221
198
108
218
191
106
226
198
114
206
177
90
163
134
40
197
170
68
236
207
103
226
194
95
230
196
101
221
186
98
219
181
99
224
185
106
223
185
104
228
191
106
213
179
85
217
186
84
219
189
84
218
188
83
231
200
99
222
190
91
236
203
109
232
198
115
228
194
109
225
193
105
226
195
102
228
196
99
227
197
96
225
196
91
216
186
80
217
188
79
226
195
86
44
55
98
33
44
86
36
48
87
45
59
96
44
59
92
36
53
83
36
54
83
43
62
89
36
55
82
35
56
83
44
66
93
52
73
101
47
68
97
39
59
90
40
58
91
52
71
104
60
79
112
56
75
108
49
69
101
49
70
102
56
77
109
61
84
115
56
79
111
42
66
98
39
64
96
47
72
104
52
77
109
52
72
109
52
69
108
51
68
107
50
69
107
52
71
109
57
76
113
62
81
118
65
83
120
69
84
121
67
80
116
65
76
113
72
80
117
80
86
122
80
86
122
75
79
94
77
79
92
80
80
91
81
81
88
94
91
94
91
86
86
100
94
91
100
94
88
101
95
88
104
98
90
102
96
89
95
90
82
87
85
76
86
85
80
84
85
87
79
80
84
87
87
94
97
98
108
86
88
101
66
70
87
53
61
82
46
57
83
54
69
97
45
66
97
26
51
83
67
95
130
130
160
195
150
185
222
138
175
213
145
183
221
148
187
226
144
183
222
137
175
214
143
178
217
156
187
223
162
186
221
179
196
230
194
205
236
188
193
222
177
179
206
178
175
203
195
185
184
190
179
174
175
162
152
165
150
133
173
156
131
187
167
134
193
170
127
189
165
115
193
167
110
210
184
121
220
193
126
217
192
122
204
179
108
197
167
102
203
166
107
199
164
99
198
163
90
206
170
89
211
175
91
208
171
89
208
169
90
209
169
94
207
168
94
203
167
90
197
166
84
193
165
78
190
165
73
193
168
79
201
174
87
208
179
94
206
177
91
199
170
83
194
163
76
192
160
74
200
166
80
215
180
94
206
170
84
194
158
72
201
165
79
227
193
107
219
185
99
198
174
79
198
174
82
193
170
82
193
171
87
204
182
100
210
192
111
201
188
110
185
176
105
180
174
115
173
168
126
165
159
139
162
154
156
155
145
162
144
133
165
135
122
166
117
105
148
111
100
143
117
108
151
112
104
146
93
87
129
77
73
113
72
70
108
69
69
107
66
67
105
64
68
104
66
70
106
69
73
109
72
68
103
80
74
109
84
79
111
80
76
107
76
74
102
62
62
87
84
84
107
109
108
129
103
100
120
107
102
121
114
107
125
133
122
140
149
137
155
140
126
143
128
113
120
137
123
130
160
145
152
187
172
178
202
187
191
196
181
183
189
174
174
191
176
174
195
179
176
195
179
173
191
175
168
192
177
169
198
183
173
189
176
165
182
170
158
189
177
165
192
180
167
191
177
165
192
178
165
197
182
169
200
184
172
205
189
177
209
192
180
205
187
175
199
181
169
198
180
168
203
183
171
204
183
169
206
185
170
204
184
168
203
183
166
207
186
168
206
184
166
198
177
156
193
170
148
205
182
160
206
183
159
205
182
157
201
178
152
193
171
144
196
171
146
204
171
147
201
171
143
202
174
140
201
176
133
197
173
127
196
172
126
200
174
128
202
173
128
206
175
127
210
176
123
212
179
116
216
183
111
220
188
108
230
197
111
234
201
109
227
196
102
221
195
95
227
204
102
234
211
110
232
208
113
227
202
113
214
186
102
226
197
114
199
170
84
166
137
44
203
173
74
242
214
109
237
205
106
238
204
110
226
190
103
217
179
97
217
178
99
218
180
98
224
188
101
214
180
85
217
186
83
214
185
78
214
184
78
229
198
95
219
186
87
227
194
101
228
193
111
233
200
115
239
206
120
237
206
114
226
194
99
218
186
88
218
188
85
212
182
77
211
181
74
222
191
83
45
57
99
33
45
86
33
45
84
41
55
92
43
58
91
42
60
89
47
65
94
48
67
94
39
59
86
37
58
85
47
68
95
54
75
103
47
67
98
39
58
89
40
58
91
57
76
109
64
83
116
55
74
107
46
66
98
49
70
102
61
82
114
68
91
123
60
83
115
42
65
97
36
61
93
46
71
103
49
74
106
51
71
107
48
65
104
42
59
98
41
60
98
48
67
104
58
77
114
66
85
122
74
92
129
67
82
118
60
73
109
64
75
111
73
82
119
72
79
114
61
67
102
62
67
82
68
71
84
73
74
85
73
73
80
83
81
84
81
76
77
94
89
85
91
85
80
96
90
84
105
99
92
107
101
94
97
91
84
82
79
71
84
82
78
86
87
89
74
75
78
81
81
87
102
103
113
99
102
114
68
72
89
53
60
82
43
53
79
54
68
96
61
82
113
22
46
79
39
67
101
122
151
186
151
186
223
139
176
214
140
177
215
149
188
227
143
182
221
132
169
209
139
175
214
153
185
221
161
186
222
179
198
232
193
205
236
187
192
221
176
177
206
176
174
203
204
194
193
203
193
188
186
173
164
169
155
138
173
157
132
187
167
135
194
172
129
192
168
117
192
166
109
210
183
120
224
197
131
225
199
129
207
182
110
196
166
101
202
165
106
199
164
99
196
161
89
204
168
90
212
175
93
210
172
91
206
166
90
205
165
92
206
166
94
202
166
91
198
166
86
194
165
80
190
164
74
197
170
82
205
178
91
212
183
98
209
179
94
201
170
85
196
163
79
194
160
76
205
169
85
216
180
96
204
168
84
192
156
72
199
163
79
225
190
106
218
184
100
198
173
82
196
172
84
190
165
81
187
164
85
199
176
100
210
192
117
202
189
118
180
170
106
166
159
107
157
152
117
140
134
121
127
120
127
115
106
128
121
112
148
128
118
165
113
103
150
110
102
149
118
111
158
110
105
150
90
87
130
72
70
112
67
67
107
66
68
108
66
68
108
65
71
108
70
76
113
75
81
118
72
68
104
84
78
113
89
84
116
83
79
109
83
82
109
60
59
84
50
51
72
68
67
87
75
72
91
88
83
102
95
88
105
109
98
116
135
123
141
153
139
155
153
138
146
152
137
145
164
150
157
188
174
180
210
195
199
213
199
201
205
191
191
196
181
179
194
179
176
190
174
169
185
169
162
194
178
171
208
193
184
200
186
176
188
176
164
191
179
167
191
179
167
191
177
165
194
180
168
202
187
175
200
184
172
203
187
175
209
191
180
207
189
178
201
183
172
200
182
171
203
183
172
205
184
170
207
186
171
206
185
169
206
186
169
211
190
172
209
187
169
199
178
157
195
172
150
204
182
159
204
181
157
205
181
156
205
182
156
200
177
151
201
175
150
209
176
152
203
173
145
203
175
140
201
176
133
197
173
127
195
171
125
198
173
127
202
173
128
206
174
127
209
176
123
211
178
115
216
184
111
221
190
109
231
197
111
233
200
108
225
195
100
220
194
94
227
204
102
234
211
111
233
209
114
231
204
116
212
184
100
226
196
114
196
166
81
169
139
47
206
176
77
246
217
113
243
211
113
244
209
117
229
192
106
216
178
96
213
174
95
215
176
95
222
186
99
214
181
85
216
186
83
211
182
74
211
182
75
228
197
94
217
185
86
222
189
96
225
190
109
237
203
119
248
214
129
243
212
122
225
193
99
212
181
83
214
184
82
210
180
76
207
178
71
220
189
81
44
56
98
33
45
86
33
46
84
41
55
91
43
58
91
42
60
89
47
65
94
49
68
95
39
59
86
37
58
86
47
68
96
54
75
103
48
68
99
39
58
90
41
59
92
57
75
109
63
82
115
54
73
106
47
66
99
50
71
103
62
83
115
68
90
122
60
83
115
42
65
97
37
62
94
46
71
103
48
73
105
49
68
105
47
64
103
43
60
99
43
62
100
49
68
105
58
77
114
66
85
122
73
91
127
66
81
117
60
73
109
64
75
111
72
80
117
70
77
112
60
66
101
63
68
83
69
72
85
73
75
86
73
73
81
82
80
84
79
74
76
93
88
85
89
83
78
94
88
82
104
98
92
107
101
95
96
90
84
81
78
70
83
81
77
86
86
87
73
74
77
79
80
85
101
102
111
100
102
114
70
74
91
55
62
83
44
54
80
54
68
95
62
82
113
23
47
79
37
64
99
117
146
180
149
184
221
141
178
216
139
177
215
150
189
227
144
182
222
133
170
209
139
175
214
152
184
221
161
186
222
179
198
232
192
204
236
186
191
221
175
176
205
175
174
203
203
193
193
202
192
188
186
173
164
169
154
138
173
156
132
187
166
135
194
171
129
191
167
117
191
165
108
210
183
120
224
197
131
225
199
129
207
182
110
196
166
101
202
165
107
199
164
100
196
161
89
204
168
90
212
175
93
210
172
91
205
166
89
204
164
92
205
165
94
202
166
92
198
166
86
193
164
80
190
163
74
196
169
81
204
177
90
211
183
97
209
179
94
201
170
85
195
162
78
194
160
76
205
169
85
215
178
95
204
168
85
192
157
73
198
162
79
223
189
106
217
183
100
197
172
82
196
171
84
191
167
84
191
168
90
201
178
104
207
188
116
195
182
113
170
160
99
156
149
99
152
147
114
137
132
120
125
118
128
113
105
128
121
112
150
127
118
166
112
103
150
108
101
148
115
108
155
106
101
147
85
82
126
68
66
109
65
65
106
65
68
108
66
69
109
65
72
109
69
75
112
73
80
117
73
69
104
84
78
113
87
83
114
81
77
107
84
82
110
63
62
87
51
52
74
69
68
88
74
71
90
86
82
99
97
90
107
114
104
121
137
125
143
151
137
154
147
132
140
149
134
143
165
150
157
189
175
181
210
195
199
212
198
200
204
190
190
195
180
178
195
180
177
192
176
171
187
171
164
194
178
171
207
192
183
199
186
175
187
175
164
190
178
166
189
177
165
189
176
164
193
179
168
201
186
174
200
184
172
203
186
175
208
190
179
206
188
177
201
183
172
199
181
170
202
182
172
204
183
168
206
185
170
205
184
169
206
186
169
211
190
172
208
186
168
199
178
157
196
173
151
205
182
159
204
181
157
205
182
157
207
184
158
203
180
154
202
177
152
210
177
153
203
173
145
202
175
140
201
176
133
197
173
128
195
172
125
198
173
127
202
173
128
206
174
127
209
176
123
211
178
115
216
184
111
221
189
109
230
197
110
233
200
108
225
195
100
220
193
93
227
203
101
234
211
110
233
209
114
230
203
115
210
183
98
226
196
115
196
166
82
170
140
48
205
175
77
243
215
111
243
211
113
244
209
117
229
193
106
215
177
96
213
174
95
216
177
96
224
188
100
215
182
86
217
186
83
211
182
74
211
181
75
228
197
94
217
185
86
221
188
95
224
189
108
237
203
119
248
216
131
244
213
123
225
193
99
212
180
82
214
184
82
210
180
76
206
177
70
220
188
82
37
49
89
34
47
86
38
51
88
42
57
91
39
57
88
42
60
89
52
70
98
55
75
102
44
65
92
42
63
91
53
73
104
60
81
112
52
73
105
44
64
96
47
64
97
59
76
109
61
78
111
52
71
104
51
70
103
61
81
113
65
86
118
67
88
120
61
84
116
47
70
102
45
68
100
49
72
104
42
65
97
34
52
89
39
56
95
50
68
105
55
74
111
57
76
113
60
79
116
65
85
120
63
82
117
60
76
112
61
74
110
63
75
109
60
70
104
54
61
96
50
56
91
70
77
92
71
77
92
74
79
91
73
75
84
77
78
83
67
64
67
86
81
82
76
71
70
81
76
73
98
93
90
108
103
100
94
89
86
77
72
70
77
74
74
79
78
80
72
71
75
70
70
75
91
90
99
106
106
119
86
87
104
67
71
90
53
59
83
55
66
94
67
83
113
32
52
85
21
44
79
77
103
138
132
165
203
158
194
232
138
175
213
156
193
231
152
188
228
141
177
217
140
175
215
146
178
217
163
187
224
182
199
235
188
200
233
179
184
216
169
171
201
172
173
201
199
190
191
201
190
189
184
173
165
168
154
140
174
157
135
186
166
135
190
166
126
187
161
113
188
161
107
208
181
119
223
196
130
224
198
128
205
180
108
196
166
101
204
168
109
202
167
103
196
163
90
203
168
92
212
176
96
210
171
95
201
162
88
200
159
90
203
164
95
202
167
96
199
167
91
193
164
82
187
160
74
191
164
77
201
173
86
210
181
95
207
176
91
198
165
81
193
159
76
194
158
76
201
164
84
207
170
90
202
166
88
195
161
82
194
160
83
213
181
105
209
177
101
190
166
83
193
169
90
204
179
106
219
194
128
219
195
134
183
164
107
140
126
74
98
88
44
85
79
46
111
108
90
118
115
115
114
110
131
104
99
133
122
118
163
125
121
173
106
102
154
96
92
144
88
87
137
71
71
120
47
48
95
41
44
88
51
54
98
61
67
108
70
77
116
69
77
115
65
74
111
63
72
109
80
78
111
83
78
110
75
70
101
66
63
91
88
88
113
89
89
111
64
66
84
79
79
97
67
66
81
74
70
85
116
109
124
155
145
161
155
144
160
139
125
141
100
86
97
131
116
126
170
155
163
199
185
192
211
197
201
208
193
197
196
182
184
188
173
173
200
185
183
205
191
185
201
185
179
197
181
174
201
185
178
195
181
173
186
174
164
182
170
160
176
164
154
177
164
154
186
171
162
196
181
172
199
183
174
201
184
175
203
186
177
202
183
175
199
180
172
196
177
169
195
176
168
196
175
161
198
177
162
201
180
165
206
186
169
211
190
172
206
184
166
196
175
154
205
182
160
209
187
164
207
184
159
210
187
161
223
200
174
226
203
177
218
193
168
218
186
162
206
176
148
200
173
138
201
177
134
199
176
130
197
173
127
198
173
127
204
176
131
207
176
128
207
176
122
210
177
114
214
183
109
219
189
108
229
196
110
232
199
107
223
194
97
219
190
91
226
201
99
233
209
110
233
209
114
225
198
111
201
172
91
232
201
122
203
170
88
182
150
60
201
170
73
227
197
96
244
211
114
246
212
120
233
197
110
215
177
96
212
173
94
224
186
104
238
203
113
222
190
92
222
192
87
209
180
71
208
179
71
230
199
95
222
190
91
215
181
89
214
178
99
237
202
121
253
227
143
253
223
135
226
193
100
210
178
80
215
184
84
209
177
76
202
172
67
220
188
83
37
49
89
34
47
86
38
51
88
42
57
91
39
57
88
42
60
89
52
70
98
55
75
102
44
65
92
42
63
91
53
73
104
60
81
112
52
73
105
44
64
96
47
64
97
59
76
109
61
78
111
52
71
104
51
70
103
61
81
113
65
86
118
67
88
120
61
84
116
47
70
102
45
68
100
49
72
104
42
65
97
34
52
89
39
56
95
50
68
105
55
74
111
57
76
113
60
79
116
65
85
120
63
82
117
60
76
112
61
74
110
63
75
109
60
70
104
54
61
96
50
56
91
70
77
92
71
77
92
74
79
91
73
75
84
77
78
83
67
64
67
86
81
82
76
71
70
81
76
73
98
93
90
108
103
100
94
89
86
77
72
70
77
74
74
79
78
80
72
71
75
70
70
75
91
90
99
106
106
119
86
87
104
67
71
90
53
59
83
55
66
94
67
83
113
32
52
85
21
44
79
77
103
138
132
165
203
158
194
232
138
175
213
156
193
231
152
188
228
141
177
217
140
175
215
146
178
217
163
187
224
182
199
235
188
200
233
179
184
216
169
171
201
172
173
201
199
190
191
201
190
189
184
173
165
168
154
140
174
157
135
186
166
135
190
166
126
187
161
113
188
161
107
208
181
119
223
196
130
224
198
128
205
180
108
196
166
101
204
168
109
202
167
103
196
163
90
203
168
92
212
176
96
210
171
95
201
162
88
200
159
90
203
164
95
202
167
96
199
167
91
193
164
82
187
160
74
191
164
77
201
173
86
210
181
95
207
176
91
198
165
81
193
159
76
194
158
76
201
164
84
207
170
90
202
166
88
195
161
82
194
160
83
213
181
105
209
177
101
190
166
83
193
169
90
204
179
106
219
194
128
219
195
134
183
164
107
140
126
74
98
88
44
85
79
46
111
108
90
118
115
115
114
110
131
104
99
133
122
118
163
125
121
173
106
102
154
96
92
144
88
87
137
71
71
120
47
48
95
41
44
88
51
54
98
61
67
108
70
77
116
69
77
115
65
74
111
63
72
109
80
78
111
83
78
110
75
70
101
66
63
91
88
88
113
89
89
111
64
66
84
79
79
97
67
66
81
74
70
85
116
109
124
155
145
161
155
144
160
139
125
141
100
86
97
131
116
126
170
155
163
199
185
192
211
197
201
208
193
197
196
182
184
188
173
173
200
185
183
205
191
185
201
185
179
197
181
174
201
185
178
195
181
173
186
174
164
182
170
160
176
164
154
177
164
154
186
171
162
196
181
172
199
183
174
201
184
175
203
186
177
202
183
175
199
180
172
196
177
169
195
176
168
196
175
161
198
177
162
201
180
165
206
186
169
211
190
172
206
184
166
196
175
154
205
182
160
209
187
164
207
184
159
210
187
161
223
200
174
226
203
177
218
193
168
218
186
162
206
176
148
200
173
138
201
177
134
199
176
130
197
173
127
198
173
127
204
176
131
207
176
128
207
176
122
210
177
114
214
183
109
219
189
108
229
196
110
232
199
107
223
194
97
219
190
91
226
201
99
233
209
110
233
209
114
225
198
111
201
172
91
232
201
122
203
170
88
182
150
60
201
170
73
227
197
96
244
211
114
246
212
120
233
197
110
215
177
96
212
173
94
224
186
104
238
203
113
222
190
92
222
192
87
209
180
71
208
179
71
230
199
95
222
190
91
215
181
89
214
178
99
237
202
121
253
227
143
253
223
135
226
193
100
210
178
80
215
184
84
209
177
76
202
172
67
220
188
83
44
56
96
43
56
94
44
58
95
43
58
92
36
54
86
38
56
86
49
67
96
53
73
101
46
67
94
46
67
96
55
75
107
61
82
115
58
78
112
49
67
101
44
60
92
53
68
101
55
71
105
53
71
104
53
70
103
52
71
104
52
72
104
55
75
108
57
79
111
56
78
110
56
78
110
53
75
107
41
64
96
31
50
86
43
61
99
64
82
119
67
86
122
60
79
115
57
77
113
62
82
118
56
76
109
62
78
112
70
83
118
69
81
114
59
68
102
56
63
96
63
70
103
74
82
99
68
77
92
68
76
89
69
74
84
75
77
84
58
57
62
82
79
81
71
67
67
74
69
69
91
86
86
98
93
93
79
74
74
64
60
62
66
63
66
71
70
72
70
68
72
66
65
71
78
75
85
95
93
107
92
91
108
75
78
97
62
67
91
56
65
92
57
70
100
42
60
93
31
52
86
47
70
105
108
140
177
169
204
241
145
181
219
155
191
230
157
192
233
154
189
230
145
179
220
146
177
216
164
188
225
180
198
234
183
195
229
173
179
212
167
170
200
172
172
201
192
184
187
186
176
177
173
161
157
168
154
142
175
158
138
184
163
134
183
161
122
180
156
108
189
163
109
210
183
123
218
192
126
215
189
121
203
177
106
199
169
104
207
172
112
204
171
104
202
170
96
205
173
94
208
174
94
207
169
93
201
162
89
200
161
91
203
164
98
202
168
98
198
167
91
192
163
82
186
160
73
184
157
69
195
167
79
207
178
90
204
173
87
195
162
77
190
156
73
192
157
76
193
158
78
201
166
87
202
168
91
198
165
89
191
160
84
206
176
101
202
173
99
188
164
83
194
170
94
207
181
115
214
189
130
194
171
119
135
114
70
87
71
33
58
48
17
50
45
23
86
85
75
114
114
121
118
117
143
107
106
144
114
113
161
105
104
158
88
88
141
77
77
129
70
72
121
60
62
111
47
50
97
49
53
97
54
58
101
56
62
102
59
67
104
62
70
106
64
73
108
67
76
111
80
77
109
73
67
99
72
68
97
65
63
89
75
75
97
76
77
97
65
68
84
80
81
95
69
68
81
71
68
81
121
114
128
163
154
168
144
132
147
110
97
111
115
101
112
147
133
144
179
164
173
193
179
186
194
180
186
195
181
185
195
181
183
194
180
179
199
185
182
199
184
181
194
179
173
191
176
169
194
178
171
193
179
171
188
177
167
186
174
164
182
170
159
182
169
159
188
174
165
197
182
173
206
190
181
208
191
182
207
190
181
203
185
176
199
180
172
197
178
170
196
177
169
191
170
156
194
173
158
198
177
162
202
182
165
205
184
167
203
181
163
196
175
155
206
183
161
211
189
166
211
188
163
213
190
164
227
204
178
234
211
185
223
198
172
219
187
163
204
174
146
197
170
135
200
177
133
202
179
133
199
175
129
201
176
130
207
179
134
209
179
131
209
178
124
209
177
115
213
181
108
215
185
104
228
196
108
234
200
108
225
193
97
218
189
90
225
200
98
232
208
109
232
207
114
225
198
112
209
179
98
232
201
123
206
173
92
184
150
63
197
165
71
216
185
87
237
204
108
241
207
115
232
195
110
214
176
95
210
171
92
227
190
107
244
209
119
227
195
96
227
197
91
209
180
71
207
178
69
229
199
94
227
195
95
217
184
92
215
179
101
234
199
119
252
222
139
250
218
131
223
190
98
212
180
83
219
188
89
211
179
79
203
172
69
224
191
88
49
61
101
49
62
100
49
63
100
43
59
94
35
53
84
37
55
84
47
66
95
51
72
100
47
68
96
48
69
99
56
77
109
63
83
117
61
81
116
51
70
104
42
57
90
48
63
96
51
67
100
54
71
104
54
71
104
47
65
98
44
63
96
48
67
100
55
76
108
62
83
115
64
85
117
55
77
109
41
64
96
30
49
85
46
64
101
74
92
129
75
95
130
61
81
116
56
76
111
61
81
116
53
72
105
63
80
113
76
90
123
74
85
118
58
68
100
56
64
97
71
78
111
76
86
103
67
76
92
65
73
87
67
73
84
73
77
85
52
52
58
79
78
81
68
64
66
70
65
67
87
82
83
91
86
88
70
65
67
56
52
57
60
57
61
66
65
68
68
67
71
64
62
68
69
65
76
88
86
99
95
94
111
81
83
102
68
72
96
57
65
92
50
62
92
49
66
98
37
57
91
28
49
84
94
125
160
177
210
247
149
185
223
155
191
229
160
196
236
163
198
238
149
182
223
147
176
215
164
189
226
180
197
234
180
192
227
169
176
209
166
169
200
172
172
202
188
181
185
176
167
169
165
154
151
168
154
143
177
160
140
183
162
134
179
157
119
176
152
105
189
163
110
212
184
125
215
189
124
210
183
116
201
175
105
201
172
106
209
175
114
206
173
106
206
175
101
207
176
97
206
172
93
205
169
91
200
163
90
200
161
92
203
165
99
202
168
99
198
167
92
191
163
82
184
160
73
180
154
64
191
164
74
206
176
87
203
172
85
193
160
75
188
154
71
191
156
76
189
154
74
198
163
85
202
169
93
200
168
93
189
160
85
202
173
99
198
171
97
186
163
84
194
170
98
209
183
120
211
186
132
178
155
109
103
83
46
53
37
6
31
21
0
28
23
9
71
70
67
112
113
125
120
121
151
110
110
152
109
109
159
92
94
148
76
78
132
66
69
120
59
63
112
52
56
105
48
52
99
54
59
103
56
62
103
52
59
98
52
60
96
57
66
100
64
73
107
70
79
112
80
77
108
67
61
92
71
67
95
65
63
87
66
67
88
68
70
89
67
70
84
81
83
94
70
69
81
69
66
78
124
117
130
169
159
172
137
124
138
92
78
92
125
111
122
158
144
155
185
171
180
190
175
183
184
170
176
187
173
177
195
181
183
197
184
184
199
184
182
196
181
178
189
175
170
187
172
166
190
174
167
191
178
170
189
179
169
188
177
167
185
173
163
185
173
163
190
177
167
198
183
174
210
195
186
213
197
188
209
192
183
203
186
177
199
181
173
197
178
170
196
177
169
188
168
154
192
171
156
196
175
160
200
180
163
202
181
163
201
179
161
196
175
155
207
184
162
213
190
167
214
191
166
215
192
166
231
208
182
240
217
191
226
201
176
219
188
164
203
173
145
195
168
133
201
177
134
204
181
135
201
177
131
202
178
132
209
181
136
211
181
133
210
179
125
209
178
115
212
180
107
213
183
102
227
195
108
235
201
109
225
193
97
218
189
90
224
200
98
232
207
109
232
206
114
226
198
113
214
183
103
233
200
124
208
175
95
185
151
65
195
162
69
209
177
81
233
199
105
238
203
112
232
194
110
213
175
94
209
170
91
230
192
109
248
213
123
230
199
99
231
201
95
209
180
71
206
177
68
229
199
94
231
199
99
220
186
94
215
179
103
233
197
118
251
219
136
248
215
129
222
188
98
213
181
86
222
190
92
213
181
81
204
173
71
226
194
91
51
64
103
51
64
102
49
64
100
42
59
93
35
52
84
37
55
85
48
67
96
52
73
101
48
69
97
49
70
100
56
77
109
62
82
117
61
81
116
52
70
105
44
59
92
51
66
99
54
70
103
57
74
107
56
73
106
48
66
99
45
64
97
49
68
101
55
75
107
62
83
115
64
85
117
55
77
109
42
65
97
32
52
87
48
66
103
73
91
128
73
93
128
60
80
115
55
75
110
61
81
116
54
74
107
64
80
113
75
89
122
74
86
118
59
69
102
57
65
97
71
78
111
75
85
102
66
76
92
65
74
87
67
73
84
72
76
85
51
52
58
82
80
84
71
68
70
73
68
70
88
83
85
91
86
89
69
64
67
55
50
56
60
57
61
65
64
67
67
65
70
63
61
67
69
65
76
87
85
98
94
93
110
81
82
102
68
72
96
57
65
92
51
62
92
50
66
98
37
56
90
26
47
82
91
122
158
176
209
245
149
185
223
154
190
229
159
195
235
163
198
238
149
182
223
147
176
215
165
189
226
179
197
234
178
191
226
169
176
209
166
169
200
172
172
202
189
181
186
176
167
169
166
155
152
169
154
144
176
159
140
182
161
134
179
157
119
175
152
105
189
163
110
212
184
125
216
189
124
210
183
116
201
176
106
201
172
106
208
175
113
206
173
105
207
176
101
207
176
97
206
172
92
204
168
91
200
163
90
200
161
92
202
165
99
202
168
99
198
167
92
191
163
82
184
160
73
179
154
64
191
164
74
207
177
88
203
172
86
193
160
75
188
154
71
191
157
76
190
155
75
198
163
86
202
169
93
199
167
92
188
159
85
202
173
99
199
172
99
189
166
87
195
171
99
206
181
118
203
179
125
169
146
101
98
78
42
52
36
7
32
22
2
29
23
11
69
68
66
112
113
126
120
121
152
109
110
152
107
108
158
91
93
147
76
78
132
66
69
120
59
63
111
53
57
105
50
54
100
55
60
103
56
62
103
53
60
99
54
62
98
60
68
102
66
74
107
70
78
111
80
77
108
66
60
91
71
67
95
65
64
88
66
67
87
68
69
88
68
71
85
80
82
93
74
74
86
77
74
86
129
122
134
169
159
172
138
126
140
99
86
99
131
117
128
162
148
159
187
172
182
190
175
183
184
170
176
188
174
178
195
181
183
197
183
183
197
183
181
195
180
177
189
175
170
187
172
166
189
173
166
190
177
169
189
179
169
188
177
167
186
174
164
186
174
164
190
177
168
197
183
174
208
193
185
212
195
186
208
191
182
202
185
176
199
181
172
197
178
170
195
176
168
188
168
154
192
171
156
196
176
160
200
180
163
202
180
163
201
178
161
197
176
156
206
183
161
213
190
167
214
191
167
215
192
166
230
207
181
239
216
190
225
200
175
219
187
164
202
172
144
195
168
133
200
177
133
204
181
135
201
177
131
202
177
131
209
181
136
210
181
133
210
180
126
209
178
116
211
180
107
213
183
102
227
195
108
234
201
109
225
193
97
218
189
90
224
199
98
232
207
109
232
206
114
227
199
114
216
185
105
231
199
123
207
174
94
184
150
65
195
162
70
210
178
82
232
198
104
237
202
111
231
194
110
213
174
94
209
170
91
229
191
108
247
211
122
231
199
99
231
201
95
209
180
71
205
176
68
228
199
93
231
199
99
220
186
94
216
180
104
232
197
118
250
218
135
246
214
128
221
187
97
213
181
85
222
190
92
213
181
81
204
173
71
226
193
90
74
87
125
65
81
117
53
69
104
40
57
89
35
53
84
46
64
94
60
81
109
54
75
103
57
78
107
59
80
111
58
78
113
58
77
114
60
79
117
62
79
115
67
79
113
77
91
124
84
99
132
86
101
134
78
93
126
62
79
112
57
74
107
54
72
105
54
73
106
67
86
119
69
88
121
56
77
109
52
73
105
55
74
108
63
82
117
69
88
123
60
80
115
51
72
104
52
73
105
61
82
114
74
94
125
70
88
119
73
88
120
78
90
122
72
82
113
66
74
104
68
76
106
65
79
97
60
74
91
63
74
89
61
70
83
66
71
83
47
49
59
107
105
114
105
103
109
100
96
102
103
98
106
90
86
95
58
54
65
45
41
52
57
54
62
63
62
66
55
53
58
58
55
64
72
68
79
84
80
93
84
82
99
77
77
97
71
73
96
61
65
93
59
67
96
59
70
101
34
49
82
9
26
59
71
97
132
168
197
234
152
184
223
153
186
225
157
191
231
164
199
239
154
186
227
150
179
218
166
190
230
174
194
231
170
183
218
163
172
205
166
170
201
171
173
204
195
188
194
177
170
173
172
163
161
177
163
156
173
157
142
176
156
131
183
160
124
176
151
107
189
163
112
211
185
127
218
191
128
213
185
120
205
178
111
205
176
110
206
176
109
202
174
102
214
187
108
214
185
101
199
169
86
198
167
86
199
165
89
196
161
92
200
165
97
199
167
97
195
167
91
189
165
82
183
161
74
177
153
59
193
168
72
212
184
90
208
178
87
194
162
74
188
155
70
193
159
76
198
165
85
200
168
89
197
167
91
191
163
88
181
156
83
201
176
104
206
184
113
213
193
117
206
184
116
181
158
101
136
111
68
88
64
32
54
34
13
44
29
13
38
29
19
34
30
28
52
53
61
108
112
134
119
125
162
106
113
158
91
97
147
80
84
135
73
77
127
67
71
120
57
62
109
58
63
108
70
76
117
64
71
109
59
65
100
63
70
103
74
82
112
82
89
118
79
86
113
71
78
105
79
77
105
65
60
87
77
73
99
73
72
93
64
64
82
64
64
79
78
80
91
74
77
85
119
120
128
151
148
157
172
165
175
167
158
168
153
142
154
170
157
169
191
177
189
202
188
199
204
190
201
195
181
189
188
174
180
194
180
185
198
184
187
191
177
178
187
174
173
187
172
169
189
174
171
187
173
167
182
168
162
182
170
162
188
178
168
192
182
172
197
185
175
197
185
175
194
182
172
194
180
170
197
182
173
199
184
175
201
184
175
198
181
172
194
177
168
190
172
164
188
169
161
190
170
156
196
175
160
199
179
163
199
179
162
198
176
159
200
178
160
205
184
164
199
176
154
210
188
165
220
197
173
216
192
167
222
199
173
232
209
183
219
194
169
217
186
162
200
171
143
194
167
132
200
176
133
204
181
135
203
179
133
202
178
132
207
180
135
211
181
134
213
182
128
212
181
118
210
180
107
211
181
101
226
193
106
233
199
107
224
192
96
218
189
90
226
201
99
234
210
111
236
209
118
236
206
124
235
203
127
218
185
112
200
165
89
179
143
63
202
167
79
221
187
95
228
194
101
230
195
105
230
193
109
211
173
92
204
165
85
223
186
101
234
200
108
236
205
103
237
208
99
210
182
71
203
174
64
221
191
85
233
201
100
226
193
99
224
188
112
230
194
117
241
206
125
237
203
118
217
183
94
210
177
83
220
188
90
216
184
84
206
174
74
224
191
89
74
87
125
65
81
117
53
69
104
40
57
89
35
53
84
46
64
94
60
81
109
54
75
103
57
78
107
59
80
111
58
78
113
58
77
114
60
79
117
62
79
115
67
79
113
77
91
124
84
99
132
86
101
134
78
93
126
62
79
112
57
74
107
54
72
105
54
73
106
67
86
119
69
88
121
56
77
109
52
73
105
55
74
108
63
82
117
69
88
123
60
80
115
51
72
104
52
73
105
61
82
114
74
94
125
70
88
119
73
88
120
78
90
122
72
82
113
66
74
104
68
76
106
65
79
97
60
74
91
63
74
89
61
70
83
66
71
83
47
49
59
107
105
114
105
103
109
100
96
102
103
98
106
90
86
95
58
54
65
45
41
52
57
54
62
63
62
66
55
53
58
58
55
64
72
68
79
84
80
93
84
82
99
77
77
97
71
73
96
61
65
93
59
67
96
59
70
101
34
49
82
9
26
59
71
97
132
168
197
234
152
184
223
153
186
225
157
191
231
164
199
239
154
186
227
150
179
218
166
190
230
174
194
231
170
183
218
163
172
205
166
170
201
171
173
204
195
188
194
177
170
173
172
163
161
177
163
156
173
157
142
176
156
131
183
160
124
176
151
107
189
163
112
211
185
127
218
191
128
213
185
120
205
178
111
205
176
110
206
176
109
202
174
102
214
187
108
214
185
101
199
169
86
198
167
86
199
165
89
196
161
92
200
165
97
199
167
97
195
167
91
189
165
82
183
161
74
177
153
59
193
168
72
212
184
90
208
178
87
194
162
74
188
155
70
193
159
76
198
165
85
200
168
89
197
167
91
191
163
88
181
156
83
201
176
104
206
184
113
213
193
117
206
184
116
181
158
101
136
111
68
88
64
32
54
34
13
44
29
13
38
29
19
34
30
28
52
53
61
108
112
134
119
125
162
106
113
158
91
97
147
80
84
135
73
77
127
67
71
120
57
62
109
58
63
108
70
76
117
64
71
109
59
65
100
63
70
103
74
82
112
82
89
118
79
86
113
71
78
105
79
77
105
65
60
87
77
73
99
73
72
93
64
64
82
64
64
79
78
80
91
74
77
85
119
120
128
151
148
157
172
165
175
167
158
168
153
142
154
170
157
169
191
177
189
202
188
199
204
190
201
195
181
189
188
174
180
194
180
185
198
184
187
191
177
178
187
174
173
187
172
169
189
174
171
187
173
167
182
168
162
182
170
162
188
178
168
192
182
172
197
185
175
197
185
175
194
182
172
194
180
170
197
182
173
199
184
175
201
184
175
198
181
172
194
177
168
190
172
164
188
169
161
190
170
156
196
175
160
199
179
163
199
179
162
198
176
159
200
178
160
205
184
164
199
176
154
210
188
165
220
197
173
216
192
167
222
199
173
232
209
183
219
194
169
217
186
162
200
171
143
194
167
132
200
176
133
204
181
135
203
179
133
202
178
132
207
180
135
211
181
134
213
182
128
212
181
118
210
180
107
211
181
101
226
193
106
233
199
107
224
192
96
218
189
90
226
201
99
234
210
111
236
209
118
236
206
124
235
203
127
218
185
112
200
165
89
179
143
63
202
167
79
221
187
95
228
194
101
230
195
105
230
193
109
211
173
92
204
165
85
223
186
101
234
200
108
236
205
103
237
208
99
210
182
71
203
174
64
221
191
85
233
201
100
226
193
99
224
188
112
230
194
117
241
206
125
237
203
118
217
183
94
210
177
83
220
188
90
216
184
84
206
174
74
224
191
89
67
82
118
62
79
113
54
71
104
45
63
94
41
60
90
49
68
97
58
79
107
56
77
106
62
83
114
63
84
117
58
78
113
53
72
110
55
74
113
55
71
109
55
67
101
66
79
112
66
79
113
61
75
108
64
77
111
64
80
113
71
87
120
67
85
118
59
77
109
63
81
114
60
79
112
53
73
106
56
76
109
64
83
117
64
83
117
59
78
112
54
75
108
53
74
106
54
75
106
55
76
107
70
90
121
65
83
113
65
80
110
70
82
113
68
78
108
62
71
100
61
69
98
60
76
94
63
79
96
69
82
98
61
71
85
58
66
78
43
47
58
126
127
136
140
139
148
118
116
125
101
98
108
78
75
87
51
47
61
48
44
58
59
57
67
61
59
64
55
53
59
63
60
68
78
73
84
82
78
91
77
73
91
71
69
89
68
68
91
66
68
94
66
73
101
65
75
105
48
60
92
23
37
69
70
94
130
151
179
216
150
180
219
155
187
226
156
187
228
160
193
234
158
190
231
152
181
221
167
191
230
171
190
228
166
179
215
163
171
206
167
172
204
170
172
203
189
182
192
181
172
179
179
168
169
175
162
156
166
151
136
174
155
132
189
167
133
177
152
110
184
158
108
206
179
123
219
192
131
218
191
126
205
178
112
199
172
104
200
175
102
199
174
98
214
189
106
213
188
101
198
170
84
197
167
84
195
162
85
191
158
86
196
163
93
198
168
95
194
168
90
188
166
82
183
163
74
179
156
59
197
172
74
218
191
94
212
184
89
196
164
73
187
155
67
190
158
73
204
171
89
198
168
88
189
161
85
183
158
83
181
159
85
206
186
114
215
195
124
208
190
115
185
164
97
145
123
69
100
76
37
67
43
17
58
38
24
60
45
36
53
45
42
48
44
49
49
52
66
105
113
138
126
136
173
116
126
172
98
106
154
87
92
139
82
87
134
75
81
126
61
66
109
57
63
103
68
74
111
67
72
106
65
70
101
72
78
106
84
90
116
88
94
118
79
86
108
65
72
94
75
71
98
67
62
88
76
73
96
73
72
91
74
75
90
75
76
88
85
87
96
76
79
86
116
116
122
153
150
156
165
159
166
144
134
143
139
128
137
178
165
176
189
175
187
193
179
191
197
183
194
198
184
192
195
181
188
191
177
183
188
174
177
182
168
170
181
167
166
185
171
169
192
178
175
192
177
172
183
169
163
180
168
161
185
174
165
192
181
172
198
186
177
199
186
178
194
182
173
190
176
168
189
174
166
192
177
169
200
182
175
202
185
177
198
181
173
193
175
167
189
170
163
195
174
160
198
176
161
199
178
163
198
178
161
196
175
157
199
177
159
206
185
164
199
176
154
210
188
165
226
203
178
219
195
170
218
195
169
226
203
177
214
190
164
216
185
161
201
172
144
195
169
134
199
176
132
201
178
133
200
177
131
200
177
131
204
177
132
209
179
132
211
181
127
213
182
119
213
183
110
215
185
104
225
193
105
230
196
103
223
191
94
218
189
90
227
202
101
236
211
113
238
211
120
231
201
119
233
201
126
212
177
105
201
166
91
186
150
71
208
172
87
222
187
97
226
192
99
226
191
102
231
194
109
216
177
97
209
171
90
229
191
107
234
200
108
240
208
107
240
211
102
213
185
74
207
178
68
221
191
85
233
201
101
225
192
99
218
182
107
226
189
113
236
201
121
234
200
116
219
185
96
211
178
84
217
185
88
214
182
83
204
172
73
217
184
83
62
78
114
60
77
110
55
73
105
49
67
98
46
64
94
50
71
99
58
79
107
59
79
108
66
87
118
67
87
121
58
77
114
51
70
107
52
70
111
50
66
105
47
59
93
58
70
104
53
65
99
44
56
90
54
66
100
66
81
114
80
95
128
77
93
126
62
79
112
60
77
110
54
73
106
52
71
104
59
78
111
71
90
123
65
84
117
52
71
104
50
71
103
55
76
107
55
76
107
50
71
102
67
87
118
62
80
109
59
75
104
64
76
106
65
75
105
60
69
98
56
64
93
57
74
93
66
82
101
74
88
105
60
72
86
53
62
75
41
45
57
140
142
153
164
164
175
132
130
142
100
98
110
70
67
82
46
43
59
50
47
63
62
59
71
60
58
63
55
53
59
67
63
71
84
78
89
81
77
90
73
68
85
67
65
84
66
66
89
69
69
95
72
77
105
71
79
108
58
69
100
32
45
77
70
93
129
139
166
203
149
178
217
157
188
227
155
186
227
157
189
230
162
193
234
154
182
223
167
191
231
169
189
226
163
177
214
163
171
207
168
173
207
169
172
203
185
179
190
183
175
183
183
172
175
174
162
156
162
146
132
172
155
132
193
172
139
177
154
113
180
154
106
202
175
120
220
192
133
222
195
131
205
177
112
195
169
100
197
173
98
198
174
95
214
191
106
213
189
101
198
172
82
196
168
84
192
161
83
188
156
83
194
162
91
197
168
94
193
169
90
188
167
82
183
164
74
180
158
59
199
175
75
223
197
97
216
188
91
196
166
72
187
155
65
188
158
71
208
176
93
197
168
88
183
157
80
178
155
79
181
161
88
210
192
121
221
203
132
205
188
113
170
151
84
120
99
47
74
51
15
52
28
6
61
42
32
71
57
53
64
56
58
57
55
64
47
52
69
103
113
140
131
143
180
123
136
181
102
112
158
92
97
142
89
94
139
82
88
131
63
69
109
57
62
100
67
73
107
69
74
105
70
74
103
78
83
109
92
96
119
92
98
118
79
85
104
62
68
86
72
67
92
68
64
89
75
72
94
74
72
91
81
83
96
83
85
95
89
92
101
78
81
86
114
115
119
155
152
157
160
155
161
128
118
126
129
118
126
185
171
182
188
174
186
188
174
186
193
179
190
199
186
195
201
186
194
189
175
181
181
167
170
177
163
164
176
163
162
185
170
168
195
180
177
195
180
177
185
171
165
180
167
160
183
172
164
191
180
172
199
188
180
201
188
180
194
181
173
188
174
166
184
168
161
188
172
165
200
182
175
205
187
180
202
184
177
195
177
170
190
172
165
198
178
164
199
178
163
199
178
163
197
177
160
195
174
156
199
177
159
207
186
165
199
176
154
211
188
165
230
207
182
221
198
173
215
192
166
221
198
172
211
187
161
215
185
161
202
173
145
197
170
135
199
176
132
200
177
131
199
176
130
199
176
130
202
176
130
208
178
130
211
181
127
213
182
119
215
185
112
218
188
107
226
193
105
228
194
101
222
190
93
218
189
90
228
203
102
238
212
115
239
212
122
228
198
117
232
199
125
207
171
101
201
166
92
191
154
76
213
176
93
223
187
98
225
191
98
224
189
100
232
194
110
219
180
100
214
175
94
232
195
111
234
200
108
242
211
109
242
213
104
215
187
76
210
181
72
221
191
85
233
202
101
224
191
98
215
178
103
222
186
109
232
197
118
232
198
114
221
187
98
211
179
85
215
183
87
213
180
82
204
172
72
212
179
79
60
77
112
59
76
109
55
73
105
50
68
99
47
65
94
50
71
99
56
77
105
58
78
107
66
86
117
66
86
120
58
77
114
50
69
107
51
69
110
50
66
104
48
60
94
59
70
105
53
65
99
44
56
90
53
66
100
66
81
114
80
95
128
76
92
125
62
79
112
59
76
109
54
72
106
52
70
103
59
78
111
70
89
122
64
83
116
52
71
104
50
71
103
55
76
107
55
76
107
49
70
101
65
85
116
61
79
108
59
74
103
63
75
105
63
74
104
60
68
98
57
65
93
56
73
92
65
81
100
73
87
104
59
71
86
52
61
74
40
44
56
139
141
152
164
164
175
130
128
141
97
95
107
67
65
80
45
42
58
49
46
63
60
58
70
59
57
62
56
54
60
67
63
71
83
77
88
81
76
90
73
67
85
67
64
84
66
65
88
69
70
95
72
77
105
71
79
108
60
70
101
34
46
78
70
93
128
137
164
201
149
178
217
157
187
227
155
186
227
158
190
231
163
193
234
154
182
223
167
191
231
169
188
226
163
177
214
163
172
207
168
173
207
169
172
203
185
178
189
183
175
183
183
172
175
173
161
156
162
146
132
173
155
132
193
172
139
177
154
113
180
154
106
202
175
120
219
191
132
221
194
130
205
177
112
194
169
99
197
174
98
198
175
96
213
190
105
213
189
100
198
172
82
196
168
83
192
161
82
188
156
82
194
162
91
197
168
94
193
169
90
188
167
82
182
164
74
180
158
58
200
176
75
223
197
97
216
189
91
197
166
72
187
155
64
188
158
70
208
176
93
197
168
88
184
157
81
179
156
80
182
162
88
209
192
120
218
200
129
199
182
107
164
146
79
116
95
43
73
50
14
52
28
7
61
41
32
70
56
52
64
56
59
57
55
64
46
51
69
101
112
139
129
142
179
121
134
180
100
111
157
91
96
141
87
93
137
81
87
129
63
68
109
57
62
99
67
72
106
70
75
106
71
75
103
78
83
108
90
94
117
90
95
115
78
84
102
63
69
86
71
67
92
68
64
89
74
71
93
72
71
89
80
81
94
80
82
92
86
89
97
74
77
81
108
108
112
148
146
150
157
152
158
130
120
127
134
123
131
186
172
184
188
174
186
188
174
186
191
178
189
198
185
194
200
185
193
189
175
180
181
167
170
178
164
165
176
163
162
183
169
167
193
179
176
194
180
176
185
171
166
181
168
161
184
173
165
192
181
173
199
188
180
201
188
180
195
182
174
189
175
167
185
169
162
189
173
166
201
183
176
206
188
181
202
184
177
196
178
171
191
173
166
199
179
165
199
178
163
199
178
162
197
177
160
195
174
156
198
177
158
206
185
165
199
176
154
211
188
165
230
207
183
222
198
173
214
191
165
221
198
172
211
186
161
215
185
161
202
173
145
197
171
136
199
176
132
200
177
131
199
176
130
199
176
130
202
175
130
207
178
130
210
180
126
212
182
119
215
185
112
218
188
108
226
193
105
228
194
100
222
189
93
218
189
90
228
203
101
238
212
115
238
211
121
228
197
116
231
198
125
207
171
101
202
167
93
193
156
78
213
176
93
222
186
98
225
191
98
223
188
99
231
194
110
219
181
101
215
176
95
233
196
112
235
200
108
242
210
109
241
213
103
215
187
76
211
182
72
221
191
85
234
202
102
224
191
98
213
177
102
222
186
109
232
197
117
231
197
114
222
188
99
212
179
86
215
183
87
213
180
82
204
172
72
212
178
78
45
62
95
50
67
99
56
74
105
59
77
106
55
75
103
48
69
97
43
64
92
49
70
101
58
79
110
62
82
117
56
75
113
49
67
107
45
65
107
48
64
104
56
66
100
61
71
105
49
59
93
37
49
83
52
64
98
70
83
117
72
87
120
68
83
116
61
77
110
49
66
99
46
63
96
52
69
102
54
72
105
56
75
108
54
73
106
49
69
100
52
73
104
55
76
107
48
69
100
37
59
87
38
59
87
50
68
97
55
70
99
51
64
92
49
61
89
55
64
93
61
69
98
44
63
84
52
71
91
62
77
96
50
63
80
43
53
68
23
30
45
135
138
152
161
162
176
115
114
129
67
66
82
38
36
55
30
28
48
39
37
57
45
43
58
49
47
53
61
57
65
67
62
71
73
67
78
79
73
87
76
70
88
66
60
80
63
59
83
77
76
101
77
80
109
76
81
110
79
88
118
57
67
97
71
90
126
113
138
175
152
178
218
157
185
225
162
190
231
168
198
239
171
201
242
156
185
226
167
191
230
167
186
224
163
177
214
168
178
213
172
178
211
166
169
203
175
168
180
187
179
189
182
172
177
165
152
149
162
146
134
179
160
140
194
172
142
180
156
116
179
154
107
198
172
118
212
186
126
214
186
125
195
169
104
187
164
91
198
178
96
205
185
99
207
188
97
206
185
90
201
178
85
194
169
81
187
158
76
186
157
81
194
165
91
199
173
96
195
173
91
187
169
80
179
163
69
180
160
56
204
182
76
232
207
103
224
197
96
201
172
73
188
158
63
189
159
69
206
177
92
197
171
88
186
162
84
186
166
90
189
172
99
200
187
113
182
170
97
128
115
38
97
80
14
69
50
1
58
37
5
54
33
16
55
35
34
56
42
48
63
56
67
58
59
74
40
47
69
78
92
120
110
129
167
99
118
162
86
99
143
77
83
124
75
80
120
72
78
115
60
66
101
55
59
92
65
68
98
83
87
113
86
89
111
75
79
98
65
67
84
64
66
80
71
72
85
77
79
90
65
61
83
67
61
84
62
60
80
58
57
74
63
65
76
47
50
57
48
52
56
21
25
26
33
34
35
79
76
78
125
119
122
155
146
151
187
175
181
209
196
205
198
184
196
186
172
184
180
166
177
182
168
179
186
173
181
185
171
177
188
174
177
195
181
183
179
165
166
168
155
154
174
160
157
188
173
169
195
181
175
194
182
175
194
183
175
198
187
179
203
192
184
204
193
185
203
190
182
199
186
178
200
185
178
208
192
185
217
201
194
219
201
194
213
195
188
209
191
184
208
190
183
209
188
174
200
179
164
196
176
160
197
177
160
197
176
158
197
175
157
200
179
158
206
183
161
212
189
166
237
214
189
228
205
179
211
188
162
214
191
165
204
179
154
213
182
159
207
178
150
203
176
141
199
177
133
195
175
128
198
175
129
200
177
131
202
177
131
205
176
128
207
177
123
210
179
116
216
186
113
223
193
112
228
196
108
228
194
100
222
190
93
218
189
90
229
201
101
235
209
113
234
207
118
227
197
116
226
193
119
212
175
107
212
173
103
214
176
101
222
184
103
216
179
94
222
186
97
218
182
94
232
194
110
227
189
108
227
189
108
247
209
125
240
206
112
238
207
105
235
207
96
216
189
75
222
194
83
228
198
92
237
206
105
220
187
94
201
164
90
217
181
106
227
192
113
228
194
111
227
192
106
217
184
92
214
181
85
211
179
80
206
174
75
205
171
71
45
62
95
50
67
99
56
74
105
59
77
106
55
75
103
48
69
97
43
64
92
49
70
101
58
79
110
62
82
117
56
75
113
49
67
107
45
65
107
48
64
104
56
66
100
61
71
105
49
59
93
37
49
83
52
64
98
70
83
117
72
87
120
68
83
116
61
77
110
49
66
99
46
63
96
52
69
102
54
72
105
56
75
108
54
73
106
49
69
100
52
73
104
55
76
107
48
69
100
37
59
87
38
59
87
50
68
97
55
70
99
51
64
92
49
61
89
55
64
93
61
69
98
44
63
84
52
71
91
62
77
96
50
63
80
43
53
68
23
30
45
135
138
152
161
162
176
115
114
129
67
66
82
38
36
55
30
28
48
39
37
57
45
43
58
49
47
53
61
57
65
67
62
71
73
67
78
79
73
87
76
70
88
66
60
80
63
59
83
77
76
101
77
80
109
76
81
110
79
88
118
57
67
97
71
90
126
113
138
175
152
178
218
157
185
225
162
190
231
168
198
239
171
201
242
156
185
226
167
191
230
167
186
224
163
177
214
168
178
213
172
178
211
166
169
203
175
168
180
187
179
189
182
172
177
165
152
149
162
146
134
179
160
140
194
172
142
180
156
116
179
154
107
198
172
118
212
186
126
214
186
125
195
169
104
187
164
91
198
178
96
205
185
99
207
188
97
206
185
90
201
178
85
194
169
81
187
158
76
186
157
81
194
165
91
199
173
96
195
173
91
187
169
80
179
163
69
180
160
56
204
182
76
232
207
103
224
197
96
201
172
73
188
158
63
189
159
69
206
177
92
197
171
88
186
162
84
186
166
90
189
172
99
200
187
113
182
170
97
128
115
38
97
80
14
69
50
1
58
37
5
54
33
16
55
35
34
56
42
48
63
56
67
58
59
74
40
47
69
78
92
120
110
129
167
99
118
162
86
99
143
77
83
124
75
80
120
72
78
115
60
66
101
55
59
92
65
68
98
83
87
113
86
89
111
75
79
98
65
67
84
64
66
80
71
72
85
77
79
90
65
61
83
67
61
84
62
60
80
58
57
74
63
65
76
47
50
57
48
52
56
21
25
26
33
34
35
79
76
78
125
119
122
155
146
151
187
175
181
209
196
205
198
184
196
186
172
184
180
166
177
182
168
179
186
173
181
185
171
177
188
174
177
195
181
183
179
165
166
168
155
154
174
160
157
188
173
169
195
181
175
194
182
175
194
183
175
198
187
179
203
192
184
204
193
185
203
190
182
199
186
178
200
185
178
208
192
185
217
201
194
219
201
194
213
195
188
209
191
184
208
190
183
209
188
174
200
179
164
196
176
160
197
177
160
197
176
158
197
175
157
200
179
158
206
183
161
212
189
166
237
214
189
228
205
179
211
188
162
214
191
165
204
179
154
213
182
159
207
178
150
203
176
141
199
177
133
195
175
128
198
175
129
200
177
131
202
177
131
205
176
128
207
177
123
210
179
116
216
186
113
223
193
112
228
196
108
228
194
100
222
190
93
218
189
90
229
201
101
235
209
113
234
207
118
227
197
116
226
193
119
212
175
107
212
173
103
214
176
101
222
184
103
216
179
94
222
186
97
218
182
94
232
194
110
227
189
108
227
189
108
247
209
125
240
206
112
238
207
105
235
207
96
216
189
75
222
194
83
228
198
92
237
206
105
220
187
94
201
164
90
217
181
106
227
192
113
228
194
111
227
192
106
217
184
92
214
181
85
211
179
80
206
174
75
205
171
71
51
68
101
51
69
101
53
71
102
55
73
103
54
74
102
49
70
98
42
63
92
40
60
92
49
69
102
55
75
111
54
73
111
50
68
109
47
66
108
52
67
107
65
75
109
72
82
116
65
76
109
57
68
102
57
69
103
54
67
100
44
58
92
49
64
97
57
72
105
47
63
96
47
64
97
54
71
104
47
65
98
46
65
97
49
69
101
50
70
101
47
68
99
43
64
95
39
60
90
36
58
86
36
57
85
51
69
97
56
72
100
51
64
92
51
63
91
58
67
96
62
71
99
42
62
84
44
63
84
54
71
90
52
67
84
53
63
79
28
35
52
130
134
149
143
144
159
105
105
121
68
66
84
47
45
65
40
38
59
37
34
57
36
34
51
45
43
49
56
52
60
56
51
61
65
59
70
83
76
90
80
74
92
68
62
82
60
57
79
78
77
102
86
88
116
67
72
101
67
74
104
60
68
99
67
86
122
105
129
167
154
179
219
151
178
218
164
193
234
178
208
247
172
202
242
158
184
226
166
190
230
166
185
223
164
178
215
171
181
216
173
179
212
163
167
200
183
177
190
194
186
197
183
173
178
164
152
150
169
154
143
185
165
146
188
166
136
182
158
119
186
161
114
202
176
123
208
181
123
204
176
115
191
164
100
187
164
91
202
183
100
210
192
104
205
186
94
201
183
87
202
181
86
193
169
79
185
158
75
188
160
83
197
169
94
201
177
100
197
176
92
186
168
79
175
161
65
179
160
54
205
185
76
235
211
105
228
203
100
204
177
77
191
162
67
193
164
73
206
178
91
202
176
93
196
173
93
197
178
101
192
177
102
182
170
96
142
132
59
100
87
16
84
68
6
73
55
6
69
48
16
59
38
23
49
29
31
44
31
39
53
47
60
52
54
71
39
47
71
70
84
114
104
123
161
88
109
153
83
97
140
76
82
121
67
73
111
63
68
104
52
57
91
48
52
82
56
60
87
66
70
94
73
76
96
78
80
97
76
78
91
70
72
84
69
69
80
70
71
80
79
74
95
72
66
89
46
43
63
34
33
48
40
42
52
37
40
47
66
70
73
76
80
80
87
88
89
113
111
112
137
131
133
169
160
164
198
186
192
192
179
187
188
174
186
188
174
186
187
173
184
185
171
182
185
172
180
188
174
180
192
179
182
196
182
184
187
173
174
180
167
165
181
166
163
183
168
165
183
168
163
186
174
167
191
180
172
191
180
172
194
183
175
196
185
177
198
185
177
198
185
177
203
188
180
209
193
186
212
196
189
207
189
182
199
181
174
198
180
173
201
183
176
213
192
178
203
182
167
197
176
160
200
180
163
201
180
163
198
176
158
197
176
155
207
184
162
209
186
163
235
212
188
228
204
179
208
185
159
209
186
160
199
175
150
211
180
156
207
178
150
205
179
144
200
178
134
195
175
128
198
176
129
203
179
133
204
179
133
205
177
129
205
175
121
207
176
113
214
184
111
223
194
113
230
198
109
230
196
102
224
191
95
219
189
91
227
199
99
232
205
109
229
201
113
238
209
130
233
200
128
218
180
112
210
171
102
221
182
108
227
189
109
220
183
99
223
188
99
216
180
92
230
193
109
226
188
107
226
188
107
245
208
123
235
201
107
230
199
96
226
198
87
211
184
70
224
196
84
230
200
94
237
205
105
218
185
92
203
166
92
221
184
109
227
192
113
224
190
107
225
190
104
216
183
91
212
179
83
211
178
80
209
177
78
206
172
72
56
73
106
53
71
102
51
69
100
52
70
100
53
73
101
49
70
98
42
63
91
33
54
85
42
63
96
51
70
106
53
72
110
51
69
110
48
67
110
54
70
110
71
81
115
80
90
124
78
88
122
72
82
116
61
73
107
42
54
88
24
37
71
35
50
83
54
69
102
44
61
94
47
64
97
55
72
105
43
60
93
38
57
89
46
66
97
51
71
102
43
64
95
34
55
86
32
54
83
36
58
86
34
56
84
51
70
97
57
73
101
52
65
93
53
64
92
61
70
98
64
73
100
41
62
84
37
57
78
49
66
86
55
69
88
60
71
88
32
40
57
127
131
146
129
131
146
98
98
115
68
67
86
55
53
73
47
45
67
36
33
58
30
28
45
41
39
45
51
47
55
48
42
53
59
53
64
86
78
92
84
77
95
69
64
84
58
55
76
79
78
103
92
94
122
61
66
94
57
64
94
62
70
100
65
84
120
99
122
160
155
180
220
146
173
213
166
195
236
186
216
252
174
204
243
159
184
226
165
190
229
166
185
223
165
179
216
173
183
218
174
180
213
161
166
199
189
183
198
200
192
204
183
173
180
164
153
151
176
160
150
189
169
151
183
161
131
184
160
121
191
166
120
205
180
127
205
178
121
197
169
108
188
161
97
187
164
92
205
187
102
215
197
107
204
186
91
198
181
84
203
184
87
192
169
78
184
158
75
190
162
84
199
173
97
204
181
102
199
178
94
185
169
78
173
159
63
179
161
53
207
187
76
238
215
107
231
207
102
207
180
80
194
166
69
197
168
76
207
178
91
206
181
98
203
181
101
205
188
110
194
181
104
169
157
83
112
103
30
79
66
0
75
60
0
77
59
10
77
56
25
63
41
28
46
25
28
36
23
32
46
40
55
48
50
69
38
47
73
64
78
109
100
120
157
80
102
146
81
96
138
75
81
118
62
68
105
56
60
96
47
51
84
42
46
75
50
54
80
53
57
79
64
66
85
81
81
97
84
86
97
75
76
86
67
67
77
65
64
73
89
84
105
77
71
94
34
30
50
16
15
29
23
24
34
30
33
39
80
84
86
118
123
122
129
130
130
139
137
138
146
140
142
180
171
174
206
194
200
179
167
174
180
167
179
189
175
187
192
178
189
188
174
185
184
171
180
191
177
183
196
182
186
197
184
186
193
179
181
189
176
174
186
171
168
180
165
162
173
159
154
180
168
161
189
178
170
186
175
167
187
176
168
190
179
171
195
182
174
197
184
176
205
190
183
210
194
187
208
192
185
198
180
173
189
171
164
189
171
164
196
178
171
216
195
182
205
184
169
197
176
161
202
182
165
205
184
166
200
178
160
195
174
154
208
185
163
207
184
161
234
211
186
227
204
179
206
183
157
206
183
157
196
172
146
209
179
155
208
179
151
207
181
146
201
179
135
194
174
127
199
176
130
205
182
136
206
181
135
206
177
129
204
174
120
205
174
111
214
184
111
223
194
113
231
200
111
232
198
105
225
193
96
219
190
91
226
198
98
229
203
106
225
197
109
246
218
140
239
205
135
222
185
117
209
170
101
226
187
114
231
193
114
224
186
103
224
189
100
215
179
91
229
192
108
226
187
107
226
188
107
243
206
122
231
197
104
224
194
89
220
191
81
208
181
67
225
198
86
231
202
95
237
205
105
217
184
91
204
167
93
223
186
111
227
192
113
222
188
105
223
188
102
216
182
91
210
178
82
211
178
80
211
179
80
207
173
73
56
73
105
53
71
102
51
69
100
52
70
100
53
73
101
49
70
98
42
62
90
34
53
84
42
63
96
51
70
106
53
72
110
52
69
110
49
68
111
55
71
111
71
81
115
79
89
123
77
87
121
73
82
116
62
73
107
43
55
89
24
37
71
34
49
82
53
67
100
44
61
94
48
65
98
56
72
106
43
60
93
39
58
89
46
66
97
51
70
101
44
64
96
35
56
87
33
54
83
36
58
86
35
56
84
52
70
97
58
73
101
52
65
93
52
64
92
60
69
98
63
73
100
42
62
83
37
57
78
49
65
85
54
68
87
60
71
88
34
41
59
124
129
144
126
128
144
97
97
114
67
66
86
54
52
73
46
45
67
35
32
57
30
28
46
41
39
46
51
47
56
47
42
53
58
52
64
86
79
93
84
77
95
69
64
84
58
55
76
78
77
102
91
93
121
61
66
94
57
64
94
62
71
101
64
84
119
99
122
160
155
180
220
146
173
213
165
194
235
185
215
252
173
203
243
159
184
226
165
189
229
165
185
222
165
179
216
173
183
218
174
180
213
160
165
198
188
183
198
200
193
205
184
174
181
165
153
151
175
160
149
188
168
150
183
161
132
183
159
121
190
166
120
205
179
127
205
178
122
198
169
109
189
161
97
188
164
92
205
187
102
214
196
107
204
185
92
198
180
84
203
183
87
192
169
78
184
159
75
190
163
85
199
173
96
203
180
101
199
178
93
186
169
78
174
159
64
180
160
53
207
186
76
239
214
107
231
205
102
208
180
81
194
165
71
196
167
77
205
178
92
206
181
99
202
182
103
204
186
110
191
177
103
164
153
80
109
100
29
77
65
1
74
59
1
76
58
10
75
55
24
63
41
28
46
26
29
36
24
33
45
40
54
47
50
69
39
49
74
62
76
107
97
117
154
80
102
144
81
96
137
75
81
118
61
67
104
56
60
95
47
52
83
44
47
75
52
54
80
55
58
79
64
65
83
80
79
95
84
85
96
76
76
86
70
69
79
69
67
76
93
87
107
80
74
96
40
36
55
22
21
35
28
28
38
36
38
44
84
88
89
122
126
125
132
133
133
142
140
141
149
143
145
180
171
175
203
192
198
179
167
174
181
168
180
188
174
187
192
178
189
188
175
185
185
172
180
191
178
183
196
183
186
197
184
186
193
179
181
189
176
175
188
173
171
181
166
164
174
160
157
180
167
161
188
177
169
186
175
167
186
175
168
190
178
171
194
182
174
196
183
176
203
189
182
209
193
186
207
191
184
197
180
173
189
172
165
190
172
165
196
178
171
215
195
182
204
184
169
198
177
162
203
183
166
205
184
167
200
178
160
195
174
154
208
185
163
207
184
161
233
210
186
226
203
178
206
183
157
205
182
156
196
172
146
209
178
155
208
179
151
207
181
146
200
178
135
194
174
127
199
176
130
205
182
136
207
181
136
206
177
130
204
174
120
205
174
112
213
183
111
223
194
113
230
199
111
232
198
105
225
193
97
219
190
91
225
198
98
228
202
106
225
197
108
245
218
139
239
206
134
221
185
116
207
169
99
225
187
113
232
193
114
223
186
103
224
189
99
215
179
92
229
191
108
225
187
106
226
187
106
243
206
122
231
197
104
224
194
89
220
191
81
208
181
68
224
197
85
230
201
95
236
204
104
217
184
91
204
168
94
223
187
112
226
191
113
223
188
106
224
189
103
215
181
90
209
177
81
211
178
80
212
180
80
208
174
74
60
73
105
52
65
97
51
65
95
56
70
99
55
69
97
48
62
90
41
55
83
39
53
81
48
62
92
56
68
102
60
72
108
65
76
114
70
81
120
72
80
120
69
74
113
62
67
105
62
68
104
78
84
119
81
89
121
55
65
95
31
41
71
28
38
68
36
47
78
46
56
90
61
71
106
64
76
112
54
65
103
51
65
99
49
64
96
50
63
95
55
68
100
52
65
96
46
60
89
46
58
88
52
63
93
65
77
105
66
78
106
54
65
93
46
57
85
51
62
89
59
70
97
53
63
81
45
55
73
44
54
73
48
57
77
64
71
93
62
68
91
84
89
115
89
93
121
77
79
108
55
57
87
44
46
77
33
35
66
25
24
56
29
28
58
32
31
57
40
39
65
38
36
61
48
45
70
88
87
109
81
82
103
60
62
83
53
57
80
60
67
91
66
76
103
60
72
101
55
69
100
61
77
109
60
83
118
90
116
152
146
174
209
146
175
213
156
188
227
171
204
243
169
202
241
155
186
225
158
184
223
161
183
221
167
184
220
172
184
218
164
173
206
149
156
189
172
172
197
204
200
219
203
192
200
177
160
157
171
151
137
184
162
140
185
162
135
179
157
127
180
159
125
195
173
133
203
179
130
207
178
121
200
166
102
198
165
95
212
183
106
208
181
101
202
177
97
198
173
93
192
169
89
187
164
83
185
163
81
193
169
87
198
171
90
191
163
79
207
176
93
202
169
86
195
161
78
190
148
62
221
176
89
245
201
118
229
187
107
215
175
98
198
161
90
187
154
88
191
162
101
199
179
121
200
184
131
180
168
119
138
132
86
89
85
41
49
48
4
53
46
14
61
50
21
59
43
19
55
33
16
56
33
24
56
37
37
49
40
45
39
41
51
37
50
64
55
72
90
33
51
72
59
77
101
81
98
124
82
95
123
72
81
111
59
64
94
57
58
85
63
59
81
67
59
79
74
63
78
88
73
86
71
55
66
68
52
63
85
71
79
91
79
87
111
101
110
123
114
124
149
135
144
141
126
134
139
125
131
132
119
124
108
97
100
133
122
124
162
151
153
191
180
183
192
183
187
194
183
190
195
185
194
182
172
183
170
160
173
185
174
187
199
185
196
187
174
183
187
174
182
196
183
190
201
190
193
200
189
191
201
190
192
204
193
195
191
180
182
196
184
189
214
201
209
208
195
203
196
182
193
180
166
173
180
166
170
175
163
167
178
167
170
184
176
178
188
181
182
185
179
180
179
171
172
189
181
181
189
179
179
180
168
166
195
181
179
205
188
186
201
183
182
207
191
185
204
188
182
205
188
181
212
194
186
211
193
183
199
182
170
189
170
155
206
185
170
205
184
167
216
195
175
213
190
169
197
174
152
193
171
146
194
171
147
200
174
151
205
181
153
206
182
148
200
175
136
196
172
130
204
178
135
209
180
140
209
177
138
213
180
138
211
178
132
208
177
122
212
183
116
211
184
111
214
185
106
226
195
113
226
199
110
216
192
96
221
199
99
221
202
99
219
199
98
234
212
118
242
215
128
210
179
98
178
145
64
215
180
97
240
204
118
225
189
100
220
185
89
230
193
102
228
189
103
218
178
96
221
183
101
245
208
124
225
190
100
224
192
94
222
193
89
215
187
82
207
180
76
216
187
87
221
191
96
215
184
97
208
177
102
222
191
117
220
187
114
236
202
128
239
206
127
204
170
85
191
159
65
207
176
74
222
194
85
222
193
80
60
73
105
52
65
97
51
65
95
56
70
99
55
69
97
48
62
90
41
55
83
39
53
81
48
62
92
56
68
102
60
72
108
65
76
114
70
81
120
72
80
120
69
74
113
62
67
105
62
68
104
78
84
119
81
89
121
55
65
95
31
41
71
28
38
68
36
47
78
46
56
90
61
71
106
64
76
112
54
65
103
51
65
99
49
64
96
50
63
95
55
68
100
52
65
96
46
60
89
46
58
88
52
63
93
65
77
105
66
78
106
54
65
93
46
57
85
51
62
89
59
70
97
53
63
81
45
55
73
44
54
73
48
57
77
64
71
93
62
68
91
84
89
115
89
93
121
77
79
108
55
57
87
44
46
77
33
35
66
25
24
56
29
28
58
32
31
57
40
39
65
38
36
61
48
45
70
88
87
109
81
82
103
60
62
83
53
57
80
60
67
91
66
76
103
60
72
101
55
69
100
61
77
109
60
83
118
90
116
152
146
174
209
146
175
213
156
188
227
171
204
243
169
202
241
155
186
225
158
184
223
161
183
221
167
184
220
172
184
218
164
173
206
149
156
189
172
172
197
204
200
219
203
192
200
177
160
157
171
151
137
184
162
140
185
162
135
179
157
127
180
159
125
195
173
133
203
179
130
207
178
121
200
166
102
198
165
95
212
183
106
208
181
101
202
177
97
198
173
93
192
169
89
187
164
83
185
163
81
193
169
87
198
171
90
191
163
79
207
176
93
202
169
86
195
161
78
190
148
62
221
176
89
245
201
118
229
187
107
215
175
98
198
161
90
187
154
88
191
162
101
199
179
121
200
184
131
180
168
119
138
132
86
89
85
41
49
48
4
53
46
14
61
50
21
59
43
19
55
33
16
56
33
24
56
37
37
49
40
45
39
41
51
37
50
64
55
72
90
33
51
72
59
77
101
81
98
124
82
95
123
72
81
111
59
64
94
57
58
85
63
59
81
67
59
79
74
63
78
88
73
86
71
55
66
68
52
63
85
71
79
91
79
87
111
101
110
123
114
124
149
135
144
141
126
134
139
125
131
132
119
124
108
97
100
133
122
124
162
151
153
191
180
183
192
183
187
194
183
190
195
185
194
182
172
183
170
160
173
185
174
187
199
185
196
187
174
183
187
174
182
196
183
190
201
190
193
200
189
191
201
190
192
204
193
195
191
180
182
196
184
189
214
201
209
208
195
203
196
182
193
180
166
173
180
166
170
175
163
167
178
167
170
184
176
178
188
181
182
185
179
180
179
171
172
189
181
181
189
179
179
180
168
166
195
181
179
205
188
186
201
183
182
207
191
185
204
188
182
205
188
181
212
194
186
211
193
183
199
182
170
189
170
155
206
185
170
205
184
167
216
195
175
213
190
169
197
174
152
193
171
146
194
171
147
200
174
151
205
181
153
206
182
148
200
175
136
196
172
130
204
178
135
209
180
140
209
177
138
213
180
138
211
178
132
208
177
122
212
183
116
211
184
111
214
185
106
226
195
113
226
199
110
216
192
96
221
199
99
221
202
99
219
199
98
234
212
118
242
215
128
210
179
98
178
145
64
215
180
97
240
204
118
225
189
100
220
185
89
230
193
102
228
189
103
218
178
96
221
183
101
245
208
124
225
190
100
224
192
94
222
193
89
215
187
82
207
180
76
216
187
87
221
191
96
215
184
97
208
177
102
222
191
117
220
187
114
236
202
128
239
206
127
204
170
85
191
159
65
207
176
74
222
194
85
222
193
80
57
71
103
50
63
95
49
62
93
53
67
95
52
66
94
47
61
89
43
57
85
38
52
81
46
60
90
53
65
98
57
69
104
62
73
111
69
79
118
71
79
119
67
72
111
61
67
104
62
68
103
74
80
115
75
83
115
54
64
94
32
42
72
27
37
67
30
41
73
34
44
78
46
57
91
54
66
102
53
64
101
53
67
101
49
64
96
47
60
92
49
62
94
48
61
92
46
60
89
49
61
91
51
62
92
59
71
100
60
72
100
54
65
93
51
62
90
55
66
93
59
70
97
50
59
78
47
57
76
52
61
81
59
68
89
73
80
103
66
71
95
83
88
114
82
86
114
71
73
102
57
60
90
57
59
90
50
52
84
44
43
76
47
46
77
44
43
69
42
41
67
39
37
62
53
50
75
88
87
108
77
77
98
53
56
77
47
51
74
58
64
89
68
77
104
64
77
105
62
77
107
70
87
118
63
87
122
92
118
154
147
175
210
144
173
211
154
186
225
168
201
240
156
189
228
152
184
223
156
182
221
162
184
221
170
187
223
174
185
220
164
173
206
152
159
192
172
173
198
204
200
218
202
192
200
179
162
159
175
154
141
186
164
142
185
163
136
174
152
122
174
152
118
190
168
128
204
179
131
213
184
127
206
173
109
201
168
97
211
182
105
207
180
101
201
175
96
196
171
91
190
167
87
185
163
82
181
160
78
188
165
83
193
166
85
188
159
76
205
174
91
202
169
86
196
162
79
190
149
62
216
172
85
234
192
108
218
177
96
209
170
93
198
162
90
191
159
92
197
168
107
200
178
122
187
170
118
147
135
89
100
93
48
67
64
21
53
53
11
60
54
23
63
54
25
59
44
20
55
34
19
60
38
30
64
47
46
53
45
50
31
33
44
28
40
55
43
60
78
22
41
62
48
66
89
70
87
111
72
84
111
64
71
101
54
58
87
55
56
82
75
71
93
84
75
94
79
66
81
69
53
66
55
39
50
75
58
68
117
103
110
136
124
132
156
145
153
161
152
160
176
162
170
170
156
163
175
161
167
177
164
168
158
147
150
173
162
164
186
175
177
196
185
188
195
185
189
191
180
187
194
184
194
195
186
196
191
181
193
199
188
201
204
190
201
191
177
187
188
175
183
195
183
189
202
191
194
206
196
197
206
195
197
200
189
191
185
174
177
188
177
182
204
192
199
202
189
198
195
181
192
180
166
173
179
165
169
176
164
168
180
169
172
188
179
182
191
184
185
188
182
183
194
186
186
208
200
200
203
193
193
187
174
173
195
181
179
207
190
189
213
195
194
213
197
191
209
193
186
210
193
186
216
198
190
213
196
186
202
185
172
192
173
159
206
185
170
209
189
171
222
200
181
218
196
174
204
181
159
195
173
148
190
167
143
201
175
152
203
179
151
204
180
146
202
177
138
199
175
133
204
178
135
208
178
138
210
178
139
213
179
137
209
175
130
206
175
120
209
180
113
209
182
108
210
180
102
220
189
107
221
194
105
214
190
94
220
198
98
221
202
99
221
201
100
237
215
121
237
210
123
196
166
85
166
133
52
207
172
89
239
203
117
233
198
108
223
188
92
230
192
101
227
188
102
219
179
97
223
185
103
246
208
125
225
190
100
218
186
88
220
191
87
218
191
85
212
186
81
218
189
89
220
190
95
216
185
98
211
180
105
224
192
118
223
190
117
240
205
131
240
206
128
206
172
88
194
161
68
205
175
72
222
193
84
224
194
82
56
69
101
49
62
94
47
61
91
50
64
93
50
64
92
47
61
89
45
59
87
39
53
81
45
58
89
50
63
96
54
66
102
60
71
108
67
78
116
70
79
118
66
71
110
60
66
104
62
68
104
71
77
112
71
78
111
53
63
93
34
44
74
27
37
67
26
37
69
25
35
69
35
45
80
46
58
95
52
63
101
55
69
103
49
64
96
44
57
89
44
57
89
45
58
89
46
60
89
52
64
94
51
62
92
55
67
95
56
68
96
54
65
93
55
66
94
58
69
97
59
70
97
47
56
76
49
58
78
59
68
88
69
77
99
81
87
110
69
74
99
82
87
113
77
80
109
66
68
98
60
62
92
68
70
101
65
66
100
59
58
92
62
61
92
53
52
78
44
43
69
41
38
63
58
55
80
88
87
109
73
74
95
49
51
72
43
47
70
56
63
88
69
78
106
68
81
109
69
83
113
78
95
126
67
90
125
94
120
156
147
175
211
142
172
209
152
184
223
165
198
237
146
179
218
151
182
221
155
180
220
162
184
222
173
189
226
176
187
222
165
174
207
155
162
195
173
174
199
203
199
218
203
192
200
181
164
161
177
157
143
189
166
144
186
163
137
170
148
119
169
147
113
186
164
124
205
180
131
219
190
133
212
178
114
203
170
100
211
182
105
207
180
100
200
174
94
195
170
90
189
166
86
184
162
81
179
157
75
185
161
79
190
163
82
185
157
73
203
172
89
201
169
86
198
164
81
190
150
63
212
169
82
225
184
100
208
169
87
204
166
89
198
163
91
195
162
96
202
173
112
200
178
123
176
159
108
121
109
63
68
61
18
49
47
5
57
57
17
65
61
31
65
57
29
59
44
22
56
35
21
64
42
35
71
55
54
57
50
55
25
28
38
21
33
48
34
50
69
13
32
53
39
57
80
62
78
101
63
75
102
57
64
93
49
53
82
53
55
81
85
81
103
99
89
107
82
69
84
53
37
50
43
26
37
80
63
72
144
129
137
173
161
169
192
181
189
192
183
190
198
184
192
195
181
187
206
192
197
213
201
204
200
189
191
206
195
197
205
194
196
201
190
192
197
188
191
188
178
185
194
184
193
206
197
207
208
198
210
211
201
213
208
194
205
194
180
190
189
176
184
194
182
188
203
192
195
212
201
203
211
200
202
197
186
188
181
170
173
182
171
176
197
184
192
198
185
193
194
180
191
180
166
174
179
165
169
177
166
169
183
172
175
191
182
185
194
187
188
190
184
185
206
199
199
223
215
215
214
204
204
192
180
180
196
182
180
209
193
191
222
204
203
218
202
197
213
197
191
214
197
190
219
202
194
216
198
188
204
187
174
195
176
161
206
186
170
213
192
175
226
205
185
223
201
179
210
187
165
197
175
150
187
164
140
202
176
153
202
177
150
203
179
145
203
178
139
202
178
136
204
178
135
207
178
137
211
179
140
212
179
137
207
174
128
204
173
118
207
178
111
207
180
107
207
177
99
215
184
102
217
190
101
212
188
92
220
198
97
222
203
100
223
203
102
239
217
123
233
206
120
185
154
74
156
123
42
201
166
82
239
203
117
240
205
115
226
191
94
230
192
101
227
188
102
220
180
98
225
187
105
246
209
126
225
190
101
213
181
83
219
190
86
221
194
88
217
190
86
219
191
91
220
190
95
216
185
98
214
183
108
225
193
119
225
193
120
243
208
134
240
207
128
209
175
90
197
164
70
204
174
72
222
193
84
226
196
83
56
69
101
49
62
94
47
60
91
50
64
92
49
63
91
47
61
89
45
59
87
39
53
81
45
58
89
50
63
96
54
66
102
59
70
108
67
78
116
70
79
118
66
71
110
61
66
104
62
68
104
71
77
112
70
77
110
53
63
92
34
44
74
27
37
67
27
37
69
25
35
69
34
45
79
46
58
94
52
63
101
55
69
103
49
64
96
44
57
89
44
57
89
44
57
88
45
59
88
51
63
93
50
61
91
55
67
95
56
67
95
54
65
93
56
67
95
59
70
97
59
70
97
49
57
78
50
59
80
60
69
89
69
78
99
81
87
110
68
73
98
81
86
111
75
79
107
65
66
97
59
61
92
69
71
102
66
67
101
60
59
93
63
62
93
54
53
79
44
43
69
41
38
63
58
55
80
88
87
109
73
73
95
48
50
71
43
47
70
56
63
88
69
78
105
68
80
109
68
83
113
77
94
126
65
89
124
94
120
156
148
176
211
142
172
209
152
184
223
165
198
237
146
179
218
151
182
221
155
180
220
163
184
222
173
190
226
176
187
222
165
174
207
155
162
195
173
174
199
203
199
218
202
192
200
181
164
161
177
157
143
189
166
144
186
163
137
170
149
119
169
147
113
186
164
124
204
180
131
219
190
133
212
178
114
203
170
99
211
182
105
207
180
100
200
174
94
195
170
90
189
166
86
184
162
81
179
157
75
185
161
79
190
163
82
185
157
73
203
172
89
201
168
85
197
163
80
190
150
63
212
169
82
225
184
99
208
168
87
204
166
89
198
163
91
195
163
97
202
174
113
198
177
121
173
156
105
118
107
61
67
60
17
49
46
5
57
56
17
64
61
31
64
56
28
59
45
22
56
36
22
64
42
35
71
54
54
56
49
54
25
28
38
21
33
47
33
50
68
13
32
52
39
56
79
61
77
100
62
75
101
57
64
93
49
54
82
53
54
81
84
80
101
97
88
106
82
69
84
52
36
49
44
27
38
84
67
76
147
133
141
176
164
172
194
183
191
193
184
191
198
184
192
195
181
187
206
192
197
214
201
204
200
190
192
207
195
197
205
194
195
201
190
192
197
188
191
188
178
184
194
184
193
206
197
207
209
199
210
211
201
213
208
194
205
195
181
191
189
176
184
195
183
189
203
192
195
212
201
203
210
199
201
196
185
187
181
170
173
182
170
175
196
183
191
197
184
193
194
180
191
180
166
174
178
165
169
177
165
169
183
171
175
191
182
185
194
186
187
190
184
185
205
198
198
223
214
214
214
205
205
193
181
180
195
182
180
209
192
190
221
203
202
218
202
196
213
197
191
214
197
190
219
201
193
215
198
188
204
187
174
195
176
161
207
186
170
213
193
175
226
205
185
223
200
179
210
187
165
198
176
151
187
164
140
202
176
153
202
177
149
202
178
145
203
178
139
202
178
136
203
178
135
206
177
137
210
178
139
212
178
137
207
174
128
204
173
118
207
178
111
208
180
107
207
177
99
215
184
102
217
190
101
212
188
92
219
198
97
221
202
99
223
203
102
239
216
122
232
206
119
185
154
74
157
123
42
201
166
83
239
203
116
240
204
115
226
191
94
229
192
101
227
188
101
220
180
98
225
187
105
246
209
126
225
190
100
212
181
82
219
190
85
221
194
88
217
190
85
219
190
90
219
190
94
216
185
98
214
183
108
225
193
119
225
192
120
242
208
134
240
207
128
209
175
90
197
164
70
204
174
71
222
193
84
226
196
83
50
63
95
45
58
90
44
57
88
44
58
86
43
57
85
47
61
89
51
65
93
43
57
85
45
58
89
47
60
93
50
62
97
55
67
104
68
78
117
75
84
123
74
79
118
66
71
109
62
68
104
58
64
99
46
53
86
36
46
76
34
44
74
36
46
76
35
46
78
29
39
73
31
42
76
43
54
91
55
66
104
57
71
105
47
62
94
37
50
82
30
43
75
27
40
71
26
40
69
30
42
72
38
49
79
40
52
80
43
55
83
55
66
94
70
81
109
73
84
112
66
77
104
80
89
109
81
89
112
83
91
114
82
90
114
77
82
107
52
56
84
53
57
85
42
45
75
33
35
65
49
50
83
85
86
120
97
98
132
93
91
127
94
92
126
75
74
101
51
50
76
46
43
69
68
65
90
83
82
104
62
63
84
46
48
69
46
49
72
58
65
90
66
76
103
62
75
103
62
77
107
70
87
118
45
69
103
90
116
152
166
194
230
152
181
219
144
176
215
167
200
239
163
196
235
155
186
225
155
180
220
167
189
226
182
199
235
181
193
227
169
178
211
164
171
204
175
175
201
201
197
216
203
192
200
187
170
167
184
164
150
194
171
149
192
169
142
179
158
128
173
151
117
184
162
122
202
178
129
217
188
131
207
173
109
199
166
95
213
184
107
209
182
103
201
176
96
194
169
89
190
167
87
186
164
83
185
163
81
192
169
87
195
168
87
186
157
73
198
168
85
193
161
78
190
156
73
198
159
72
215
175
86
216
176
91
199
160
78
202
165
89
206
171
100
206
175
111
209
182
124
158
138
84
107
92
45
69
58
16
46
40
2
44
43
5
58
56
21
51
50
21
61
56
30
71
60
39
75
59
46
73
54
48
55
40
42
36
31
37
27
31
40
19
32
44
24
41
57
3
23
41
25
42
61
40
56
77
50
60
86
57
63
91
59
63
89
56
57
81
62
56
76
71
62
78
76
61
75
40
23
35
74
57
67
177
161
168
243
228
235
251
238
244
244
232
238
226
215
221
196
183
189
195
181
187
206
192
196
227
214
217
228
218
219
221
211
211
192
182
182
194
184
184
195
187
188
184
175
179
191
182
188
211
202
211
218
209
219
216
205
217
219
205
216
215
202
211
215
202
210
214
201
208
209
197
201
204
193
195
199
188
190
190
179
181
177
166
169
175
163
168
185
172
180
190
177
186
193
179
190
183
169
178
178
164
168
177
165
169
183
172
175
190
181
184
190
182
184
184
178
179
192
184
185
213
205
205
223
213
213
210
198
197
197
183
181
193
176
174
201
183
182
215
199
194
210
194
188
208
192
185
211
193
185
206
188
178
198
181
168
194
175
161
215
194
178
220
199
182
224
202
183
219
197
175
219
196
174
215
193
169
197
174
150
204
177
155
200
175
147
200
176
142
205
180
141
207
183
141
205
179
136
202
173
133
203
171
132
206
172
130
204
170
125
206
175
120
216
187
120
219
192
118
220
190
112
225
194
112
223
195
106
214
190
94
216
194
93
212
193
90
213
193
92
228
206
112
221
194
108
188
157
77
175
141
60
213
179
95
236
200
114
232
197
108
230
195
99
230
193
101
225
187
100
224
184
101
230
191
109
249
212
128
226
191
102
194
163
64
209
180
76
222
195
89
220
193
89
215
186
86
209
179
84
210
179
92
215
184
109
219
188
114
223
190
117
242
207
133
233
200
121
207
173
89
203
170
76
208
177
75
221
193
84
224
194
82
50
63
95
45
58
90
44
57
88
44
58
86
43
57
85
47
61
89
51
65
93
43
57
85
45
58
89
47
60
93
50
62
97
55
67
104
68
78
117
75
84
123
74
79
118
66
71
109
62
68
104
58
64
99
46
53
86
36
46
76
34
44
74
36
46
76
35
46
78
29
39
73
31
42
76
43
54
91
55
66
104
57
71
105
47
62
94
37
50
82
30
43
75
27
40
71
26
40
69
30
42
72
38
49
79
40
52
80
43
55
83
55
66
94
70
81
109
73
84
112
66
77
104
80
89
109
81
89
112
83
91
114
82
90
114
77
82
107
52
56
84
53
57
85
42
45
75
33
35
65
49
50
83
85
86
120
97
98
132
93
91
127
94
92
126
75
74
101
51
50
76
46
43
69
68
65
90
83
82
104
62
63
84
46
48
69
46
49
72
58
65
90
66
76
103
62
75
103
62
77
107
70
87
118
45
69
103
90
116
152
166
194
230
152
181
219
144
176
215
167
200
239
163
196
235
155
186
225
155
180
220
167
189
226
182
199
235
181
193
227
169
178
211
164
171
204
175
175
201
201
197
216
203
192
200
187
170
167
184
164
150
194
171
149
192
169
142
179
158
128
173
151
117
184
162
122
202
178
129
217
188
131
207
173
109
199
166
95
213
184
107
209
182
103
201
176
96
194
169
89
190
167
87
186
164
83
185
163
81
192
169
87
195
168
87
186
157
73
198
168
85
193
161
78
190
156
73
198
159
72
215
175
86
216
176
91
199
160
78
202
165
89
206
171
100
206
175
111
209
182
124
158
138
84
107
92
45
69
58
16
46
40
2
44
43
5
58
56
21
51
50
21
61
56
30
71
60
39
75
59
46
73
54
48
55
40
42
36
31
37
27
31
40
19
32
44
24
41
57
3
23
41
25
42
61
40
56
77
50
60
86
57
63
91
59
63
89
56
57
81
62
56
76
71
62
78
76
61
75
40
23
35
74
57
67
177
161
168
243
228
235
251
238
244
244
232
238
226
215
221
196
183
189
195
181
187
206
192
196
227
214
217
228
218
219
221
211
211
192
182
182
194
184
184
195
187
188
184
175
179
191
182
188
211
202
211
218
209
219
216
205
217
219
205
216
215
202
211
215
202
210
214
201
208
209
197
201
204
193
195
199
188
190
190
179
181
177
166
169
175
163
168
185
172
180
190
177
186
193
179
190
183
169
178
178
164
168
177
165
169
183
172
175
190
181
184
190
182
184
184
178
179
192
184
185
213
205
205
223
213
213
210
198
197
197
183
181
193
176
174
201
183
182
215
199
194
210
194
188
208
192
185
211
193
185
206
188
178
198
181
168
194
175
161
215
194
178
220
199
182
224
202
183
219
197
175
219
196
174
215
193
169
197
174
150
204
177
155
200
175
147
200
176
142
205
180
141
207
183
141
205
179
136
202
173
133
203
171
132
206
172
130
204
170
125
206
175
120
216
187
120
219
192
118
220
190
112
225
194
112
223
195
106
214
190
94
216
194
93
212
193
90
213
193
92
228
206
112
221
194
108
188
157
77
175
141
60
213
179
95
236
200
114
232
197
108
230
195
99
230
193
101
225
187
100
224
184
101
230
191
109
249
212
128
226
191
102
194
163
64
209
180
76
222
195
89
220
193
89
215
186
86
209
179
84
210
179
92
215
184
109
219
188
114
223
190
117
242
207
133
233
200
121
207
173
89
203
170
76
208
177
75
221
193
84
224
194
82
49
62
94
45
58
91
44
58
88
43
58
86
42
56
84
45
59
87
51
65
93
44
58
86
45
59
89
47
60
93
50
62
97
55
66
104
67
78
116
76
84
124
74
79
118
65
70
108
60
66
102
53
59
94
38
46
78
31
41
71
34
44
74
41
51
81
47
57
89
47
56
90
46
56
91
50
61
98
56
67
105
59
73
107
54
69
101
47
61
93
43
56
88
38
52
82
35
49
78
36
48
78
44
55
85
44
56
84
46
58
86
58
69
97
72
82
110
72
83
110
62
73
100
72
81
103
73
80
104
74
81
105
75
82
107
71
76
103
53
57
85
55
59
88
42
45
76
32
33
65
51
52
86
95
95
130
108
109
144
100
98
135
98
96
130
77
76
103
54
53
79
50
47
73
70
67
92
75
74
96
55
56
77
49
51
72
52
56
79
61
68
93
64
73
100
56
69
97
56
70
101
64
81
112
43
67
102
86
111
148
164
192
227
157
187
225
147
179
218
170
203
242
169
202
240
159
190
229
157
182
222
169
191
228
184
201
238
182
194
229
170
179
213
168
175
208
176
176
201
199
195
214
201
191
199
188
171
168
186
165
152
192
169
147
190
167
141
181
160
130
176
154
120
186
164
124
200
176
127
214
185
128
205
172
108
199
167
96
215
187
110
212
185
106
203
178
98
196
171
91
193
170
90
189
167
86
187
165
83
194
171
89
198
171
90
189
160
77
199
168
85
192
159
76
189
155
72
198
161
72
215
176
87
216
178
92
202
164
82
205
169
93
203
170
100
198
168
105
179
152
96
123
103
52
79
64
21
61
51
11
55
49
13
57
54
20
63
62
30
57
59
31
59
57
32
63
54
35
66
52
39
65
49
44
52
40
41
38
34
39
32
37
46
23
36
48
25
43
58
4
24
42
22
39
57
34
49
68
52
62
85
58
64
90
53
57
82
67
67
89
74
68
87
63
52
68
56
41
54
66
49
59
126
108
115
203
186
192
227
211
216
229
215
220
233
220
225
217
205
210
190
177
181
191
177
182
195
182
185
215
203
204
222
213
212
216
207
205
185
175
174
190
180
179
198
190
190
191
182
185
189
181
186
197
188
196
200
192
200
208
198
208
220
205
216
217
203
213
215
202
210
211
199
206
203
192
195
197
185
188
194
183
185
190
179
181
181
170
172
180
169
174
188
175
183
191
178
187
193
180
190
188
174
182
183
169
175
181
169
172
185
174
177
191
182
184
190
182
184
184
178
179
188
181
182
210
202
202
226
216
216
220
207
207
207
193
192
198
181
180
203
185
184
217
200
195
207
191
184
200
183
176
201
183
175
198
181
170
195
178
166
198
179
164
217
196
181
220
200
182
220
199
179
215
193
171
222
200
178
224
202
177
204
181
157
203
177
154
200
175
147
200
176
142
205
181
141
207
183
141
205
179
136
203
174
134
205
173
134
207
173
131
205
171
126
208
177
123
219
190
123
222
195
122
225
195
117
229
198
117
225
198
109
217
192
97
217
195
94
212
193
90
212
192
92
233
211
117
229
203
116
203
173
92
193
160
79
222
188
104
234
198
112
227
192
103
232
197
101
230
192
101
225
187
100
225
185
103
231
193
111
250
213
129
227
192
102
193
162
63
208
180
75
224
197
91
222
195
90
214
186
86
208
178
83
211
180
93
214
183
108
216
184
111
220
188
115
239
205
131
229
196
117
206
172
87
204
171
78
208
177
75
220
191
82
222
192
80
48
61
93
46
59
91
45
58
89
43
57
86
41
55
83
44
58
86
52
66
94
45
59
87
45
59
89
48
60
93
51
63
98
55
66
104
67
78
116
76
85
124
74
79
118
64
70
107
59
65
100
49
55
90
31
39
71
26
36
66
34
44
74
46
56
86
57
68
100
62
72
106
59
69
104
56
68
105
57
68
106
62
76
109
61
76
108
57
70
102
54
67
99
49
62
93
44
58
87
42
54
84
49
60
90
48
60
88
49
61
89
60
71
99
73
84
112
72
83
110
59
70
97
66
74
97
66
73
98
66
73
98
68
75
101
67
72
99
54
58
87
58
61
91
43
45
77
30
31
65
54
54
89
103
103
139
119
119
155
107
104
143
102
99
134
79
78
105
57
56
82
54
51
76
72
69
94
69
68
89
49
50
71
52
54
75
58
62
85
64
71
96
62
71
98
52
64
92
51
65
95
59
75
107
42
66
101
82
108
144
162
190
225
163
192
230
151
183
222
174
207
245
174
207
246
162
193
232
159
184
224
171
193
231
186
203
239
184
195
230
172
181
215
172
179
212
177
177
202
197
194
212
200
190
198
189
172
169
187
166
153
191
168
146
189
166
139
184
162
132
179
157
123
187
165
125
198
174
125
211
182
125
204
171
107
200
167
97
218
189
112
215
188
109
205
180
100
198
174
94
196
173
93
192
170
89
189
167
85
196
172
90
201
174
93
192
163
80
200
169
86
191
158
75
188
154
71
199
162
72
215
178
88
216
180
92
204
168
86
207
173
96
201
170
99
191
162
99
152
127
71
92
72
24
55
40
0
54
44
7
64
58
24
68
65
34
68
68
38
63
67
41
58
58
35
55
50
31
59
46
34
59
44
40
50
39
40
40
36
42
37
43
51
27
40
52
26
44
59
6
26
43
19
37
54
28
44
61
53
63
84
59
64
89
49
51
76
77
76
97
86
79
97
56
44
59
39
24
35
90
72
81
173
154
159
226
209
213
212
196
200
210
196
198
223
209
213
209
197
200
185
171
175
188
174
178
186
173
175
204
193
193
218
208
207
212
203
200
179
170
167
186
177
174
200
192
193
197
188
190
188
180
184
184
176
183
186
178
185
201
191
201
220
206
217
219
205
215
216
203
211
210
198
204
199
188
191
190
179
181
189
178
180
190
179
181
184
173
176
185
174
179
191
178
186
192
179
188
194
180
191
192
178
186
188
174
180
184
172
176
187
176
179
191
182
185
191
183
185
184
178
179
186
179
180
208
200
200
229
219
219
229
216
216
216
201
201
203
186
185
206
188
187
218
202
197
203
187
181
193
176
169
192
174
167
191
174
164
193
176
163
201
182
168
219
199
183
221
201
183
217
196
176
212
190
168
226
203
181
232
210
185
210
187
163
203
177
154
200
176
148
201
177
143
206
181
142
208
184
142
205
179
136
205
176
135
207
175
136
208
174
133
206
172
127
211
180
125
222
193
126
226
198
125
229
199
121
233
202
121
228
201
112
219
195
99
218
196
95
211
192
89
212
192
92
238
216
122
237
210
123
217
187
106
210
176
95
231
196
112
232
196
110
223
188
98
235
200
103
230
193
101
225
187
100
227
187
104
233
194
112
251
214
130
227
192
103
192
161
62
208
179
75
225
198
92
224
197
92
214
185
85
207
177
82
212
181
94
213
182
107
213
182
108
218
186
113
238
203
129
225
192
114
206
172
87
206
173
79
208
177
75
218
190
80
221
191
78
48
61
93
46
59
91
45
58
89
43
57
85
40
54
82
44
58
86
51
65
93
45
59
87
45
59
89
48
60
93
50
62
98
55
65
103
67
78
116
76
84
124
74
79
118
64
69
107
58
65
100
49
55
90
31
39
72
26
36
66
34
44
74
46
56
85
57
68
99
62
72
106
59
69
104
56
68
105
57
68
106
62
75
109
60
76
108
57
70
102
54
67
99
49
63
93
44
58
87
42
54
84
49
60
90
48
60
88
49
61
89
60
71
99
73
84
112
71
82
110
59
70
97
65
73
97
65
72
97
65
72
97
68
75
101
67
71
99
54
58
87
58
61
91
43
45
77
30
31
65
54
54
89
103
103
139
118
118
154
106
103
142
101
98
133
79
77
105
57
56
82
54
51
76
71
68
93
68
67
89
49
50
71
52
54
75
58
62
85
64
71
96
61
71
98
52
64
92
51
65
96
59
76
107
43
67
101
81
107
143
161
189
225
163
192
230
151
183
222
173
206
245
174
207
246
162
193
232
159
184
223
171
193
230
186
203
239
184
195
230
172
181
214
172
179
212
177
177
202
197
193
212
200
189
198
188
172
169
186
166
152
191
168
146
188
166
139
183
162
132
178
157
123
187
165
125
198
174
125
211
182
125
204
171
107
200
167
96
218
189
112
215
188
109
205
180
100
198
173
93
195
172
92
192
170
89
189
167
85
196
172
90
200
174
93
192
163
80
200
169
86
191
158
75
188
154
71
198
162
72
215
178
88
216
180
92
204
168
86
207
173
96
201
169
98
190
161
98
151
125
69
92
72
23
54
40
0
54
45
8
64
58
24
68
65
34
68
68
38
62
67
41
58
58
35
55
49
31
58
45
34
59
44
40
50
39
40
40
36
42
37
42
51
27
40
52
26
44
58
6
26
42
19
37
54
28
43
61
53
62
83
59
64
89
50
52
76
77
77
97
85
78
97
56
44
59
40
25
36
92
74
83
174
155
160
226
208
212
211
195
198
209
195
198
223
209
213
209
197
200
185
172
176
188
174
178
186
173
174
204
192
192
217
208
206
212
203
200
179
170
167
186
177
174
200
192
192
197
188
190
188
180
184
184
176
182
185
177
184
201
191
201
219
205
216
218
204
214
215
202
211
209
197
204
199
188
191
190
179
181
189
178
180
190
179
181
185
174
176
185
174
179
191
178
186
192
179
188
194
180
191
192
178
187
188
174
180
184
172
176
187
176
179
191
182
185
191
183
185
184
178
180
186
179
180
208
200
200
228
218
218
228
216
216
216
201
201
203
187
185
206
188
187
218
202
196
203
187
181
192
176
169
192
174
166
191
174
163
193
176
163
201
182
167
219
198
183
221
200
183
217
196
176
212
190
168
226
202
181
232
209
185
210
187
163
203
176
154
200
175
147
201
177
143
206
181
142
208
184
142
205
179
136
205
176
135
207
175
136
208
174
133
206
172
127
211
180
125
222
193
126
225
198
125
229
199
121
233
202
120
228
200
112
219
195
99
218
196
95
211
192
89
213
192
92
238
216
122
237
210
123
217
187
106
210
176
95
230
196
112
232
196
109
223
188
98
234
199
103
230
192
101
225
187
100
226
186
104
233
194
112
251
214
130
227
192
103
192
161
62
208
179
75
226
198
92
223
197
92
214
185
85
207
177
82
212
181
94
213
182
107
213
182
108
218
186
113
238
203
129
225
192
114
206
171
87
206
173
79
208
177
75
218
189
80
221
191
78
48
61
93
48
61
93
49
63
94
47
61
89
41
55
83
42
56
84
47
61
89
44
58
87
44
57
88
48
60
94
51
63
98
52
63
101
62
73
111
70
79
118
67
72
111
59
64
102
59
65
101
59
65
100
51
59
91
48
58
88
47
57
87
47
57
87
54
65
96
61
71
105
62
72
107
57
68
105
53
64
102
59
73
107
63
78
110
67
80
112
70
83
115
70
84
114
66
80
109
62
74
103
64
75
105
62
74
102
59
70
98
59
70
98
61
72
100
54
65
93
42
53
80
42
49
75
42
49
76
41
48
75
50
56
85
55
59
88
54
57
88
63
66
97
50
52
86
33
33
69
53
52
90
100
99
138
111
110
149
89
85
126
79
75
112
67
65
94
60
59
86
59
56
82
69
66
91
53
51
75
38
39
60
53
55
78
64
68
92
68
74
99
61
70
97
53
66
94
60
74
104
73
90
122
67
91
126
69
95
131
129
157
192
164
194
231
162
194
233
172
205
244
161
194
233
163
194
233
161
186
226
170
192
229
183
199
236
180
192
226
171
181
214
174
181
214
176
176
201
194
190
209
197
187
195
187
171
167
184
164
150
184
161
139
179
156
130
174
153
123
176
154
120
186
164
124
197
172
123
213
184
127
212
179
115
206
173
102
219
190
113
219
191
112
206
181
101
200
175
95
199
176
96
196
174
93
186
164
82
190
167
85
202
175
94
197
168
84
203
172
89
192
159
76
191
157
74
192
158
67
209
175
82
221
187
99
211
177
95
201
168
92
169
139
70
136
108
46
86
61
9
65
46
0
58
44
5
63
53
20
66
61
32
71
70
43
77
77
53
61
69
47
54
57
37
50
47
31
53
43
34
56
43
40
49
39
41
39
37
43
35
41
50
27
40
51
26
44
57
11
30
43
21
37
53
22
37
53
34
42
62
51
55
79
80
82
103
94
93
112
62
54
69
52
40
53
100
83
92
195
176
181
231
211
215
202
183
186
166
149
150
179
164
165
208
194
195
219
205
207
226
213
215
226
213
215
190
178
178
186
176
173
201
192
188
212
203
199
200
191
187
200
191
187
201
194
192
197
189
190
191
184
186
179
172
177
175
168
173
192
183
191
204
190
201
199
185
195
191
178
186
187
175
181
189
178
181
196
185
187
198
187
189
193
182
184
197
186
188
203
191
197
204
191
199
198
185
194
193
179
190
199
185
194
199
185
191
191
179
185
192
181
184
197
188
191
200
191
194
197
191
193
204
197
198
219
211
212
226
216
216
227
214
215
228
213
214
227
210
210
233
215
214
210
193
188
190
174
168
183
167
160
188
171
163
189
171
161
188
171
158
194
175
161
202
182
166
212
192
174
217
196
176
216
193
172
225
202
180
223
200
176
196
173
149
200
174
151
203
178
151
205
181
147
205
180
141
203
179
137
206
180
137
212
183
143
217
185
146
215
181
140
210
177
131
211
180
125
220
190
123
220
193
119
221
191
113
226
195
113
223
195
106
219
195
99
223
201
100
219
200
97
225
205
104
248
228
134
247
221
134
229
199
118
218
185
104
229
194
110
228
192
106
231
196
107
238
203
106
231
193
102
226
187
101
229
189
107
236
197
115
252
215
132
230
195
106
207
175
77
217
188
83
231
203
98
228
201
97
216
188
88
213
183
88
222
191
104
217
186
111
216
185
111
221
188
115
240
205
131
227
194
116
210
176
91
207
174
80
201
170
68
214
185
76
221
192
79
48
61
93
48
61
93
49
63
94
47
61
89
41
55
83
42
56
84
47
61
89
44
58
87
44
57
88
48
60
94
51
63
98
52
63
101
62
73
111
70
79
118
67
72
111
59
64
102
59
65
101
59
65
100
51
59
91
48
58
88
47
57
87
47
57
87
54
65
96
61
71
105
62
72
107
57
68
105
53
64
102
59
73
107
63
78
110
67
80
112
70
83
115
70
84
114
66
80
109
62
74
103
64
75
105
62
74
102
59
70
98
59
70
98
61
72
100
54
65
93
42
53
80
42
49
75
42
49
76
41
48
75
50
56
85
55
59
88
54
57
88
63
66
97
50
52
86
33
33
69
53
52
90
100
99
138
111
110
149
89
85
126
79
75
112
67
65
94
60
59
86
59
56
82
69
66
91
53
51
75
38
39
60
53
55
78
64
68
92
68
74
99
61
70
97
53
66
94
60
74
104
73
90
122
67
91
126
69
95
131
129
157
192
164
194
231
162
194
233
172
205
244
161
194
233
163
194
233
161
186
226
170
192
229
183
199
236
180
192
226
171
181
214
174
181
214
176
176
201
194
190
209
197
187
195
187
171
167
184
164
150
184
161
139
179
156
130
174
153
123
176
154
120
186
164
124
197
172
123
213
184
127
212
179
115
206
173
102
219
190
113
219
191
112
206
181
101
200
175
95
199
176
96
196
174
93
186
164
82
190
167
85
202
175
94
197
168
84
203
172
89
192
159
76
191
157
74
192
158
67
209
175
82
221
187
99
211
177
95
201
168
92
169
139
70
136
108
46
86
61
9
65
46
0
58
44
5
63
53
20
66
61
32
71
70
43
77
77
53
61
69
47
54
57
37
50
47
31
53
43
34
56
43
40
49
39
41
39
37
43
35
41
50
27
40
51
26
44
57
11
30
43
21
37
53
22
37
53
34
42
62
51
55
79
80
82
103
94
93
112
62
54
69
52
40
53
100
83
92
195
176
181
231
211
215
202
183
186
166
149
150
179
164
165
208
194
195
219
205
207
226
213
215
226
213
215
190
178
178
186
176
173
201
192
188
212
203
199
200
191
187
200
191
187
201
194
192
197
189
190
191
184
186
179
172
177
175
168
173
192
183
191
204
190
201
199
185
195
191
178
186
187
175
181
189
178
181
196
185
187
198
187
189
193
182
184
197
186
188
203
191
197
204
191
199
198
185
194
193
179
190
199
185
194
199
185
191
191
179
185
192
181
184
197
188
191
200
191
194
197
191
193
204
197
198
219
211
212
226
216
216
227
214
215
228
213
214
227
210
210
233
215
214
210
193
188
190
174
168
183
167
160
188
171
163
189
171
161
188
171
158
194
175
161
202
182
166
212
192
174
217
196
176
216
193
172
225
202
180
223
200
176
196
173
149
200
174
151
203
178
151
205
181
147
205
180
141
203
179
137
206
180
137
212
183
143
217
185
146
215
181
140
210
177
131
211
180
125
220
190
123
220
193
119
221
191
113
226
195
113
223
195
106
219
195
99
223
201
100
219
200
97
225
205
104
248
228
134
247
221
134
229
199
118
218
185
104
229
194
110
228
192
106
231
196
107
238
203
106
231
193
102
226
187
101
229
189
107
236
197
115
252
215
132
230
195
106
207
175
77
217
188
83
231
203
98
228
201
97
216
188
88
213
183
88
222
191
104
217
186
111
216
185
111
221
188
115
240
205
131
227
194
116
210
176
91
207
174
80
201
170
68
214
185
76
221
192
79
49
61
93
49
63
94
51
65
95
49
63
91
42
56
84
41
55
83
45
59
87
43
57
85
43
56
87
48
60
93
50
62
98
50
61
99
58
69
108
68
76
116
66
71
110
60
65
103
62
68
103
66
72
107
61
69
102
58
68
98
53
63
93
47
57
87
46
57
88
49
59
93
53
63
98
52
64
101
53
64
102
56
70
103
58
73
105
61
74
106
63
76
108
64
77
108
62
76
105
59
71
101
61
72
102
61
73
101
59
70
98
57
68
96
56
67
95
50
61
88
39
50
77
49
55
82
48
54
82
43
49
78
49
55
84
49
53
83
46
49
80
52
54
87
44
45
80
26
26
63
44
44
82
91
90
130
102
101
140
78
74
115
68
65
101
62
60
89
61
59
86
60
58
84
68
65
90
49
47
71
35
36
58
53
54
78
65
68
92
68
74
99
60
70
97
55
67
96
64
78
110
80
96
129
73
97
132
64
90
126
121
149
185
165
195
233
162
194
233
168
201
240
160
193
232
163
194
233
161
186
226
168
190
227
179
196
232
178
189
224
170
179
213
173
180
213
176
176
201
194
190
209
197
186
195
187
170
167
183
162
149
182
159
137
176
154
127
173
152
122
176
154
120
186
164
123
196
172
123
213
184
127
213
179
115
206
173
102
218
190
113
218
191
112
206
181
101
199
174
94
199
176
96
197
174
93
185
163
81
189
166
84
202
176
95
198
170
86
202
172
89
189
156
73
188
154
71
190
156
65
210
177
84
225
191
103
212
179
97
196
164
88
154
124
56
113
85
26
77
53
4
67
49
4
66
52
15
67
58
27
66
61
34
68
66
42
73
73
51
52
63
41
50
55
36
52
50
35
57
49
40
57
46
43
46
37
39
35
34
40
31
39
47
24
38
49
25
44
55
12
31
44
21
38
52
21
36
51
37
46
65
58
62
85
74
74
95
69
66
84
52
43
57
74
62
73
135
119
126
215
197
202
231
211
214
199
179
182
185
166
166
197
181
181
214
200
200
232
218
219
241
231
232
239
227
228
191
179
177
176
165
163
188
179
175
205
197
191
203
194
189
208
199
193
198
191
188
191
184
183
192
185
187
186
180
183
181
174
179
193
184
191
198
184
195
194
180
190
188
174
182
185
173
179
190
179
182
199
188
190
201
190
192
194
183
185
200
189
192
208
196
201
208
195
203
199
186
195
192
178
189
199
185
194
200
186
192
192
179
185
191
179
184
197
188
191
202
193
196
201
195
197
206
199
200
217
209
210
219
209
209
220
208
208
226
211
212
227
210
211
232
214
214
219
203
198
203
187
181
203
186
179
212
194
186
211
194
183
206
189
176
209
190
175
203
182
167
209
189
171
210
189
169
207
185
163
217
195
173
218
196
171
194
171
146
199
172
150
204
180
152
207
183
149
205
180
141
202
178
136
206
180
137
213
184
143
217
185
146
215
181
139
210
177
131
211
180
125
219
190
123
219
191
118
219
190
112
224
193
111
221
194
105
218
194
98
223
201
100
220
201
98
226
206
105
246
225
131
243
217
130
228
198
117
218
185
104
226
191
108
226
190
104
234
199
109
238
203
107
231
193
102
226
188
101
230
189
107
235
197
115
252
215
132
231
195
106
211
180
81
218
189
85
230
203
97
227
200
95
215
186
86
213
183
88
225
193
106
218
187
112
218
186
112
221
189
116
240
205
131
228
195
116
212
178
93
207
175
81
199
169
66
213
184
75
221
192
79
49
62
94
51
64
96
53
67
98
51
65
93
43
57
85
40
54
82
43
57
85
41
55
84
42
55
86
48
60
93
50
62
98
48
59
97
55
66
104
66
74
114
66
71
110
61
66
104
65
71
106
73
79
114
72
80
112
68
78
108
60
70
100
47
57
87
38
49
81
38
48
82
45
55
90
48
60
96
53
64
102
53
67
101
54
69
101
56
69
101
56
69
101
58
71
102
58
72
101
57
68
98
59
70
100
61
73
101
59
70
98
55
66
94
52
63
91
46
57
84
37
48
75
55
62
89
53
60
87
45
51
80
49
55
84
43
47
77
38
41
72
42
44
78
38
39
74
20
19
57
37
36
75
83
82
122
94
93
133
68
64
105
58
55
91
57
55
84
61
60
87
62
60
86
68
65
90
46
43
68
32
32
56
53
54
78
65
69
93
68
74
99
60
69
97
56
68
98
69
83
115
87
103
135
80
103
138
59
85
121
114
142
177
167
197
234
163
194
233
165
198
237
159
192
231
162
194
233
161
186
226
167
188
226
176
193
230
175
187
221
169
178
211
172
179
212
176
176
201
194
190
209
197
186
195
187
171
167
182
161
148
180
157
135
174
152
125
172
151
121
176
154
120
186
164
123
196
172
123
214
185
128
214
180
116
206
173
102
218
189
112
219
191
112
206
180
100
198
173
93
199
176
96
197
175
94
184
162
80
189
165
83
204
177
96
200
172
88
202
171
88
187
154
71
185
151
68
190
156
64
211
178
85
228
194
106
214
181
99
191
160
84
141
110
42
91
63
6
69
46
0
70
52
9
74
60
25
72
63
34
67
62
37
66
63
41
70
69
49
45
57
35
46
53
34
54
53
39
62
55
47
58
49
45
43
36
38
31
32
37
28
36
45
22
37
48
24
43
54
14
33
46
22
39
52
20
35
49
41
50
67
66
70
91
68
68
88
44
42
58
42
33
45
96
83
93
170
154
160
234
218
221
231
211
214
197
176
178
203
184
183
214
197
196
220
205
205
244
230
231
255
247
248
252
240
240
191
179
177
166
156
153
176
167
163
199
191
185
206
198
191
215
207
200
195
189
184
186
178
177
194
187
187
194
187
189
187
180
185
194
186
192
192
178
189
189
176
185
184
171
179
183
171
178
191
180
183
202
191
193
203
192
194
195
184
186
203
192
195
213
201
206
212
199
207
201
188
196
191
177
188
200
186
194
201
187
193
192
179
185
190
178
184
197
188
191
204
196
199
205
199
200
208
201
202
215
207
208
213
203
203
215
202
202
224
210
211
228
211
212
231
213
214
229
212
207
217
201
195
221
205
198
234
217
209
233
215
205
223
206
194
223
204
189
204
183
167
207
186
169
204
182
163
199
177
155
210
187
165
214
192
167
192
169
145
198
171
149
206
181
153
209
185
151
205
180
141
200
176
134
206
180
137
214
185
144
217
185
146
215
181
140
210
177
131
211
180
125
219
190
123
218
191
117
218
188
110
221
190
109
219
192
103
218
194
98
224
202
101
221
202
99
228
208
107
244
221
127
240
214
127
228
197
116
218
184
103
224
189
106
225
189
103
236
201
112
239
204
108
231
194
102
227
188
102
230
190
108
236
197
115
252
215
132
231
196
106
216
184
86
220
191
87
230
202
97
225
199
94
214
185
85
214
184
89
227
196
109
220
189
114
219
188
114
222
190
117
240
205
131
229
196
117
213
179
95
208
175
82
198
167
65
211
183
74
222
192
79
49
62
94
51
64
96
53
67
98
51
65
93
43
57
85
40
54
82
43
57
85
41
55
84
42
55
86
48
60
93
50
62
98
48
59
97
55
66
104
66
74
114
66
71
110
61
66
104
65
71
106
73
79
114
72
80
112
68
78
108
60
70
100
47
57
87
38
49
81
38
48
82
45
55
90
48
60
96
53
64
102
53
67
101
54
69
101
56
69
101
56
69
101
58
71
102
58
72
101
57
68
98
59
70
100
61
73
101
59
70
98
55
66
94
52
63
91
46
57
84
37
48
75
55
62
89
53
60
87
45
51
80
49
55
84
43
47
77
38
41
72
42
44
78
38
39
74
20
19
57
37
36
75
83
82
122
94
93
133
68
64
105
58
55
91
57
55
84
61
60
87
62
60
86
68
65
90
46
43
68
32
32
56
53
54
78
65
69
93
68
74
99
60
69
97
56
68
98
69
83
115
87
103
135
80
103
138
59
85
121
114
142
177
167
197
234
163
194
233
165
198
237
159
192
231
162
194
233
161
186
226
167
188
226
176
193
230
175
187
221
169
178
211
172
179
212
176
176
201
194
190
209
197
186
195
187
171
167
182
161
148
180
157
135
174
152
125
172
151
121
176
154
120
186
164
123
196
172
123
214
185
128
214
180
116
206
173
102
218
189
112
219
191
112
206
180
100
198
173
93
199
176
96
197
175
94
184
162
80
189
165
83
204
177
96
200
172
88
202
171
88
187
154
71
185
151
68
190
156
64
211
178
85
228
194
106
214
181
99
191
160
84
141
110
42
91
63
6
69
46
0
70
52
9
74
60
25
72
63
34
67
62
37
66
63
41
70
69
49
45
57
35
46
53
34
54
53
39
62
55
47
58
49
45
43
36
38
31
32
37
28
36
45
22
37
48
24
43
54
14
33
46
22
39
52
20
35
49
41
50
67
66
70
91
68
68
88
44
42
58
42
33
45
96
83
93
170
154
160
234
218
221
231
211
214
197
176
178
203
184
183
214
197
196
220
205
205
244
230
231
255
247
248
252
240
240
191
179
177
166
156
153
176
167
163
199
191
185
206
198
191
215
207
200
195
189
184
186
178
177
194
187
187
194
187
189
187
180
185
194
186
192
192
178
189
189
176
185
184
171
179
183
171
178
191
180
183
202
191
193
203
192
194
195
184
186
203
192
195
213
201
206
212
199
207
201
188
196
191
177
188
200
186
194
201
187
193
192
179
185
190
178
184
197
188
191
204
196
199
205
199
200
208
201
202
215
207
208
213
203
203
215
202
202
224
210
211
228
211
212
231
213
214
229
212
207
217
201
195
221
205
198
234
217
209
233
215
205
223
206
194
223
204
189
204
183
167
207
186
169
204
182
163
199
177
155
210
187
165
214
192
167
192
169
145
198
171
149
206
181
153
209
185
151
205
180
141
200
176
134
206
180
137
214
185
144
217
185
146
215
181
140
210
177
131
211
180
125
219
190
123
218
191
117
218
188
110
221
190
109
219
192
103
218
194
98
224
202
101
221
202
99
228
208
107
244
221
127
240
214
127
228
197
116
218
184
103
224
189
106
225
189
103
236
201
112
239
204
108
231
194
102
227
188
102
230
190
108
236
197
115
252
215
132
231
196
106
216
184
86
220
191
87
230
202
97
225
199
94
214
185
85
214
184
89
227
196
109
220
189
114
219
188
114
222
190
117
240
205
131
229
196
117
213
179
95
208
175
82
198
167
65
211
183
74
222
192
79
